5: 345 346 348 350 351 352 354 355 356 357 386 404 405 410 421 427 430 434 454 520 1576 1628 1640 1788 1805
10: 345 346 347 348 349 350 351 352 353 354 355 356 357 381 386 391 393 396 402 404 405 410 414 416 421 425 427 430 434 454 497 520 521 1576 1628 1629 1640 1672 1788 1805 1806 1814 1832
15: 345 346 347 348 349 350 351 352 353 354 355 356 357 381 386 391 393 394 396 399 400 402 403 404 405 410 412 414 416 421 425 427 430 432 434 454 487 492 497 520 521 522 1576 1607 1628 1629 1639 1640 1672 1694 1788 1805 1806 1814 1828 1831 1832
20: 341 343 345 346 347 348 349 350 351 352 353 354 355 356 357 369 381 386 391 393 394 395 396 397 398 399 400 401 402 403 404 405 410 412 414 416 421 423 424 425 427 430 432 434 437 454 466 480 487 492 497 520 521 522 524 537 1576 1605 1607 1628 1629 1639 1640 1672 1694 1786 1788 1799 1802 1805 1806 1812 1814 1826 1828 1831 1832
25: 329 331 337 341 343 345 346 347 348 349 350 351 352 353 354 355 356 357 360 369 380 381 386 390 391 393 394 395 396 397 398 399 400 401 402 403 404 405 410 412 413 414 416 421 423 424 425 427 430 432 434 437 454 465 466 475 476 480 481 486 487 491 492 496 497 500 520 521 522 523 524 525 527 528 537 538 1574 1576 1587 1605 1607 1614 1628 1629 1639 1640 1672 1694 1786 1788 1790 1792 1793 1794 1799 1800 1801 1802 1805 1806 1812 1814 1826 1827 1828 1831 1832
30: 329 331 334 337 339 341 343 345 346 347 348 349 350 351 352 353 354 355 356 357 360 369 380 381 386 390 391 393 394 395 396 397 398 399 400 401 402 403 404 405 410 412 413 414 416 421 423 424 425 427 430 432 434 437 454 465 466 470 475 476 477 480 481 486 487 491 492 496 497 500 520 521 522 523 524 525 527 528 537 538 1574 1576 1587 1601 1605 1607 1614 1618 1628 1629 1632 1636 1639 1640 1670 1672 1682 1689 1693 1694 1786 1788 1790 1792 1793 1794 1795 1799 1800 1801 1802 1805 1806 1812 1814 1816 1819 1821 1822 1823 1824 1825 1826 1827 1828 1831 1832
35: 331 341 343 345 346 347 348 349 350 351 352 353 354 355 356 357 360 369 380 381 386 390 391 393 394 395 396 397 398 399 400 401 402 403 404 405 410 412 413 414 416 421 423 424 425 427 430 432 434 437 454 466 475 476 480 481 486 487 491 492 496 497 500 520 521 522 524 527 528 537 538 1574 1576 1587 1605 1607 1612 1614 1618 1620 1622 1628 1629 1639 1640 1670 1672 1693 1694 1786 1788 1790 1792 1793 1794 1795 1799 1800 1801 1802 1805 1806 1812 1814 1816 1819 1821 1826 1827 1828 1831 1832
40: 329 331 334 336 337 339 340 341 342 343 345 346 347 348 349 350 351 352 353 354 355 356 357 360 369 380 381 386 390 391 393 394 395 396 397 398 399 400 401 402 403 404 405 408 410 412 413 414 416 421 423 424 425 427 430 432 434 437 454 465 466 470 475 476 477 480 481 486 487 491 492 496 497 500 501 502 520 521 522 523 524 525 527 528 537 538 1574 1576 1587 1601 1605 1607 1612 1614 1616 1618 1620 1622 1628 1629 1632 1636 1639 1640 1670 1672 1680 1682 1685 1689 1693 1694 1786 1788 1790 1792 1793 1794 1795 1799 1800 1801 1802 1805 1806 1812 1814 1816 1819 1821 1822 1823 1824 1825 1826 1827 1828 1831 1832
45: 329 330 331 334 336 337 338 339 340 341 342 343 345 346 347 348 349 350 351 352 353 354 355 356 357 360 369 380 381 385 386 390 391 393 394 395 396 397 398 399 400 401 402 403 404 405 408 410 412 413 414 416 421 423 424 425 427 430 432 434 437 454 465 466 470 475 476 477 480 481 486 487 491 492 496 497 500 501 502 506 507 520 521 522 523 524 525 527 528 537 538 1574 1576 1587 1601 1605 1607 1612 1614 1616 1618 1620 1622 1624 1625 1628 1629 1632 1636 1639 1640 1670 1672 1680 1682 1685 1687 1689 1693 1694 1786 1788 1790 1792 1793 1794 1795 1799 1800 1801 1802 1805 1806 1812 1814 1816 1819 1821 1822 1823 1824 1825 1826 1827 1828 1831 1832
50: 329 331 334 336 337 339 340 341 342 343 345 346 347 348 349 350 351 352 353 354 355 356 357 360 369 380 381 385 386 390 391 393 394 395 396 397 398 399 400 401 402 403 404 405 408 410 412 413 414 416 421 423 424 425 427 430 432 434 437 454 465 466 470 475 476 477 480 481 486 487 491 492 496 497 500 501 502 506 507 520 521 522 523 524 525 527 528 537 538 1574 1576 1587 1601 1605 1607 1612 1613 1614 1615 1616 1618 1620 1622 1624 1625 1628 1629 1632 1633 1635 1636 1639 1640 1670 1672 1680 1682 1685 1687 1689 1693 1694 1786 1788 1790 1791 1792 1793 1794 1795 1796 1798 1799 1800 1801 1802 1805 1806 1812 1814 1816 1819 1821 1822 1823 1824 1825 1826 1827 1828 1831 1832
55: 329 331 334 336 337 339 340 341 342 343 345 346 347 348 349 350 351 352 353 354 355 356 357 360 369 380 381 385 386 390 391 393 394 395 396 397 398 399 400 401 402 403 404 405 408 410 412 413 414 416 421 423 424 425 427 430 432 434 437 454 465 466 470 475 476 477 480 481 486 487 491 492 496 497 500 501 502 520 521 522 523 524 525 527 528 537 538 1574 1576 1585 1587 1588 1601 1605 1607 1612 1613 1614 1615 1616 1617 1618 1620 1621 1622 1624 1625 1628 1629 1632 1633 1635 1636 1639 1640 1670 1672 1680 1682 1685 1687 1689 1693 1694 1786 1788 1790 1791 1792 1793 1794 1795 1796 1798 1799 1800 1801 1802 1805 1806 1812 1814 1816 1817 1818 1819 1820 1821 1822 1823 1824 1825 1826 1827 1828 1831 1832
60: 329 330 331 334 336 337 338 339 340 341 342 343 345 346 347 348 349 350 351 352 353 354 355 356 357 360 369 380 381 385 386 390 391 393 394 395 396 397 398 399 400 401 402 403 404 405 408 410 412 413 414 416 421 423 424 425 427 430 432 434 437 454 461 465 466 470 471 475 476 477 480 481 486 487 491 492 496 497 500 501 502 506 507 520 521 522 523 524 525 526 527 528 537 538 1574 1575 1576 1579 1580 1581 1583 1585 1587 1588 1592 1593 1596 1597 1601 1605 1606 1607 1612 1613 1614 1615 1616 1617 1618 1620 1621 1622 1624 1625 1628 1629 1632 1633 1634 1635 1636 1639 1640 1670 1672 1675 1676 1677 1680 1682 1685 1686 1687 1689 1693 1694 1786 1788 1790 1791 1792 1793 1794 1795 1796 1797 1798 1799 1800 1801 1802 1805 1806 1812 1814 1816 1817 1818 1819 1820 1821 1822 1823 1824 1825 1826 1827 1828 1831 1832
65: 329 330 331 334 336 337 338 339 340 341 342 343 345 346 347 348 349 350 351 352 353 354 355 356 357 360 369 380 381 385 386 390 391 393 394 395 396 397 398 399 400 401 402 403 404 405 408 410 412 413 414 416 421 423 424 425 427 430 432 433 434 437 453 454 461 465 466 470 471 475 476 477 480 481 486 487 491 492 496 497 500 501 502 506 507 520 521 522 523 524 525 526 527 528 537 538 1574 1575 1576 1579 1580 1581 1583 1585 1587 1588 1592 1593 1596 1597 1601 1605 1606 1607 1609 1610 1612 1613 1614 1615 1616 1617 1618 1620 1621 1622 1624 1625 1628 1629 1632 1633 1634 1635 1636 1639 1640 1670 1672 1675 1676 1677 1680 1682 1685 1686 1687 1689 1693 1694 1786 1788 1790 1791 1792 1793 1794 1795 1796 1797 1798 1799 1800 1801 1802 1805 1806 1812 1814 1816 1817 1818 1819 1820 1821 1822 1823 1824 1825 1826 1827 1828 1831 1832
70: 329 330 331 334 336 337 338 339 340 341 342 343 345 346 347 348 349 350 351 352 353 354 355 356 357 360 369 380 381 385 386 390 391 393 394 395 396 397 398 399 400 401 402 403 404 405 407 408 410 412 413 414 415 416 418 421 423 424 425 426 427 430 432 433 434 437 453 454 461 465 466 470 471 475 476 477 480 481 486 487 491 492 496 497 500 501 502 506 507 520 521 522 523 524 525 526 527 528 537 538 1574 1575 1576 1585 1587 1588 1592 1593 1596 1601 1605 1606 1607 1609 1610 1611 1612 1613 1614 1615 1616 1617 1618 1620 1621 1622 1623 1624 1625 1628 1629 1632 1633 1635 1636 1639 1640 1670 1672 1675 1676 1677 1680 1682 1685 1686 1687 1689 1693 1694 1786 1788 1790 1791 1792 1793 1794 1795 1796 1797 1798 1799 1800 1801 1802 1805 1806 1812 1814 1816 1817 1818 1819 1820 1821 1822 1823 1824 1825 1826 1827 1828 1831 1832
75: 329 330 331 334 336 337 338 339 340 341 342 343 345 346 347 348 349 350 351 352 353 354 355 356 357 360 369 380 381 385 386 390 391 393 394 395 396 397 398 399 400 401 402 403 404 405 407 408 409 410 412 413 414 415 416 418 421 423 424 425 426 427 430 432 433 434 437 453 454 461 465 466 470 471 475 476 477 480 481 486 487 491 492 496 497 500 501 502 506 507 520 521 522 523 524 525 526 527 528 537 538 1574 1575 1576 1579 1580 1581 1583 1585 1587 1588 1592 1593 1596 1597 1601 1605 1606 1607 1609 1610 1611 1612 1613 1614 1615 1616 1617 1618 1620 1621 1622 1623 1624 1625 1628 1629 1632 1633 1634 1635 1636 1639 1640 1670 1672 1674 1675 1676 1677 1680 1682 1683 1685 1686 1687 1688 1689 1690 1693 1694 1786 1788 1790 1791 1792 1793 1794 1795 1796 1797 1798 1799 1800 1801 1802 1805 1806 1812 1814 1816 1817 1818 1819 1820 1821 1822 1823 1824 1825 1826 1827 1828 1831 1832
80: 329 330 331 334 336 337 338 339 340 341 342 343 345 346 347 348 349 350 351 352 353 354 355 356 357 360 369 380 381 385 386 390 391 393 394 395 396 397 398 399 400 401 402 403 404 405 407 408 409 410 412 413 414 415 416 418 421 423 424 425 426 427 430 432 433 434 437 453 454 461 465 466 470 471 475 476 477 480 481 486 487 491 492 496 497 500 501 502 506 507 520 521 522 523 524 525 526 527 528 537 538 1574 1575 1576 1579 1580 1581 1583 1585 1587 1588 1592 1593 1596 1597 1601 1605 1606 1607 1609 1610 1611 1612 1613 1614 1615 1616 1617 1618 1620 1621 1622 1623 1624 1625 1628 1629 1632 1633 1634 1635 1636 1639 1640 1670 1672 1674 1675 1676 1677 1680 1682 1683 1685 1686 1687 1688 1689 1690 1693 1694 1786 1788 1790 1791 1792 1793 1794 1795 1796 1797 1798 1799 1800 1801 1802 1805 1806 1812 1814 1816 1817 1818 1819 1820 1821 1822 1823 1824 1825 1826 1827 1828 1831 1832
85: 329 330 331 334 336 337 338 339 340 341 342 343 345 346 347 348 349 350 351 352 353 354 355 356 357 360 369 380 381 385 386 390 391 393 394 395 396 397 398 399 400 401 402 403 404 405 407 408 409 410 412 413 414 415 416 418 421 423 424 425 426 427 430 432 433 434 437 453 454 461 465 466 470 471 475 476 477 480 481 486 487 491 492 496 497 500 501 502 506 507 520 521 522 523 524 525 526 527 528 537 538 1574 1575 1576 1579 1580 1581 1583 1585 1587 1588 1592 1593 1596 1597 1601 1605 1606 1607 1609 1610 1611 1612 1613 1614 1615 1616 1617 1618 1620 1621 1622 1623 1624 1625 1628 1629 1632 1633 1634 1635 1636 1639 1640 1670 1672 1674 1675 1676 1677 1680 1682 1683 1685 1686 1687 1688 1689 1690 1693 1694 1786 1788 1790 1791 1792 1793 1794 1795 1796 1797 1798 1799 1800 1801 1802 1805 1806 1812 1814 1816 1817 1818 1819 1820 1821 1822 1823 1824 1825 1826 1827 1828 1831 1832
90: 329 330 331 334 336 337 338 339 340 341 342 343 345 346 347 348 349 350 351 352 353 354 355 356 357 360 369 380 381 385 386 390 391 393 394 395 396 397 398 399 400 401 402 403 404 405 407 408 409 410 412 413 414 415 416 418 421 423 424 425 426 427 430 432 433 434 437 453 454 461 465 466 470 471 475 476 477 480 481 486 487 491 492 496 497 500 501 502 506 507 520 521 522 523 524 525 526 527 528 537 538 1574 1575 1576 1579 1580 1581 1583 1585 1587 1588 1592 1593 1596 1597 1601 1605 1606 1607 1609 1610 1611 1612 1613 1614 1615 1616 1617 1618 1620 1621 1622 1623 1624 1625 1628 1629 1632 1633 1634 1635 1636 1639 1640 1670 1672 1674 1675 1676 1677 1680 1682 1683 1685 1686 1687 1688 1689 1690 1693 1694 1786 1788 1790 1791 1792 1793 1794 1795 1796 1797 1798 1799 1800 1801 1802 1805 1806 1812 1814 1816 1817 1818 1819 1820 1821 1822 1823 1824 1825 1826 1827 1828 1831 1832
95: 329 330 331 334 336 337 338 339 340 341 342 343 345 346 347 348 349 350 351 352 353 354 355 356 357 360 369 380 381 385 386 390 391 393 394 395 396 397 398 399 400 401 402 403 404 405 407 408 409 410 412 413 414 415 416 418 421 423 424 425 426 427 430 432 433 434 437 453 454 461 465 466 470 471 475 476 477 480 481 486 487 491 492 496 497 500 501 502 506 507 520 521 522 523 524 525 526 527 528 537 538 1574 1575 1576 1579 1580 1581 1583 1585 1587 1588 1592 1593 1596 1597 1601 1605 1606 1607 1609 1610 1611 1612 1613 1614 1615 1616 1617 1618 1620 1621 1622 1623 1624 1625 1628 1629 1632 1633 1634 1635 1636 1639 1640 1670 1672 1674 1675 1676 1677 1680 1682 1683 1685 1686 1687 1688 1689 1690 1693 1694 1786 1788 1790 1791 1792 1793 1794 1795 1796 1797 1798 1799 1800 1801 1802 1805 1806 1812 1814 1816 1817 1818 1819 1820 1821 1822 1823 1824 1825 1826 1827 1828 1831 1832
100: 329 330 331 334 336 337 338 339 340 341 342 343 345 346 347 348 349 350 351 352 353 354 355 356 357 360 369 380 381 385 386 390 391 393 394 395 396 397 398 399 400 401 402 403 404 405 407 408 409 410 412 413 414 415 416 418 421 423 424 425 426 427 430 432 433 434 437 453 454 461 465 466 470 471 475 476 477 480 481 486 487 491 492 496 497 500 501 502 506 507 520 521 522 523 524 525 526 527 528 537 538 1574 1575 1576 1579 1580 1581 1583 1585 1587 1588 1592 1593 1596 1597 1601 1605 1606 1607 1609 1610 1611 1612 1613 1614 1615 1616 1617 1618 1620 1621 1622 1623 1624 1625 1628 1629 1632 1633 1634 1635 1636 1639 1640 1670 1672 1674 1675 1676 1677 1680 1682 1683 1685 1686 1687 1688 1689 1690 1693 1694 1786 1788 1790 1791 1792 1793 1794 1795 1796 1797 1798 1799 1800 1801 1802 1805 1806 1812 1814 1816 1817 1818 1819 1820 1821 1822 1823 1824 1825 1826 1827 1828 1831 1832
