5: 329 331 339 345 346 347 348 349 350 351 353 354 355 356 357 381 386 391 402 403 404 410 414 416 421 423 425 427 430 434 454 487 491 492 500 520 521 524 537 538 1576 1672 1788 1805 1806 1814 1831
10: 329 331 339 341 343 345 346 347 348 349 350 351 353 354 355 356 357 381 386 391 393 394 396 397 398 399 400 402 403 404 405 410 412 414 416 421 423 425 427 430 434 454 481 487 491 492 500 501 502 520 521 524 537 538 1576 1607 1672 1788 1805 1806 1814 1831
15: 329 331 337 339 340 341 342 343 345 346 347 348 349 350 351 352 353 354 355 356 357 381 386 391 393 394 396 397 398 399 400 402 403 404 405 410 412 414 416 421 423 425 427 430 434 454 481 487 491 492 500 501 502 520 521 524 537 538 1576 1605 1607 1628 1672 1788 1801 1805 1806 1814 1831
20: 329 331 335 337 339 340 341 342 343 345 346 347 348 349 350 351 352 353 354 355 356 357 380 381 385 386 390 391 393 394 395 396 397 398 399 400 401 402 403 404 405 410 412 413 414 416 421 423 425 427 430 434 454 465 466 470 480 481 486 487 491 492 497 500 501 502 506 520 521 524 537 538 1576 1605 1607 1625 1628 1633 1639 1640 1672 1786 1788 1801 1805 1806 1814 1827 1828 1831 1832
25: 329 331 333 335 337 338 339 340 341 342 343 345 346 347 348 349 350 351 352 353 354 355 356 357 360 369 380 381 385 386 390 391 393 394 395 396 397 398 399 400 401 402 403 404 405 410 412 413 414 416 419 421 423 424 425 427 430 434 437 454 465 466 470 471 475 477 480 481 486 487 491 492 496 497 500 501 502 506 507 520 521 522 523 524 525 527 528 537 538 1574 1576 1601 1605 1607 1625 1628 1629 1633 1639 1640 1672 1674 1693 1694 1786 1788 1801 1805 1806 1812 1814 1827 1828 1831 1832
30: 329 331 335 337 339 340 341 342 343 345 346 347 348 349 350 351 352 353 354 355 356 357 360 380 381 385 386 390 391 393 394 395 396 397 398 399 400 401 402 403 404 405 410 412 413 414 416 419 421 423 424 425 427 430 432 434 437 454 465 466 470 471 475 477 480 481 486 487 491 492 496 497 500 501 502 506 507 520 521 522 523 524 528 537 538 1574 1576 1601 1605 1607 1619 1624 1625 1628 1629 1633 1639 1640 1672 1674 1693 1694 1786 1788 1801 1805 1806 1812 1814 1827 1828 1831 1832
35: 329 331 333 335 336 337 338 339 340 341 342 343 345 346 347 348 349 350 351 352 353 354 355 356 357 360 369 380 381 385 386 390 391 393 394 395 396 397 398 399 400 401 402 403 404 405 408 410 412 413 414 416 419 421 423 424 425 426 427 429 430 432 434 436 437 454 460 465 466 470 471 475 476 477 480 481 486 487 491 492 496 497 500 501 502 506 507 520 521 522 523 524 525 527 528 537 538 1574 1576 1585 1587 1593 1596 1601 1605 1607 1619 1624 1625 1628 1629 1633 1639 1640 1670 1672 1674 1680 1682 1684 1685 1687 1689 1690 1693 1694 1786 1788 1790 1791 1792 1795 1796 1797 1798 1799 1801 1802 1805 1806 1812 1814 1818 1819 1821 1823 1824 1826 1827 1828 1831 1832
40: 329 331 333 335 337 338 339 340 341 342 343 345 346 347 348 349 350 351 352 353 354 355 356 357 360 369 380 381 385 386 390 391 393 394 395 396 397 398 399 400 401 402 403 404 405 408 410 412 413 414 416 419 421 423 424 425 426 427 429 430 432 434 437 454 460 465 466 470 471 475 476 477 480 481 486 487 491 492 496 497 500 501 502 506 507 520 521 522 523 524 525 527 528 537 538 1574 1576 1585 1587 1593 1596 1601 1605 1607 1614 1616 1619 1624 1625 1628 1629 1633 1639 1640 1670 1672 1674 1675 1680 1682 1683 1684 1685 1687 1689 1690 1693 1694 1786 1788 1790 1791 1792 1795 1796 1797 1798 1799 1801 1802 1805 1806 1812 1814 1818 1819 1821 1823 1824 1827 1828 1831 1832
45: 329 331 333 334 335 336 337 338 339 340 341 342 343 345 346 347 348 349 350 351 352 353 354 355 356 357 360 369 380 381 385 386 390 391 393 394 395 396 397 398 399 400 401 402 403 404 405 407 408 410 412 413 414 416 419 421 423 424 425 426 427 429 430 432 434 436 437 454 460 465 466 470 471 475 476 477 480 481 486 487 491 492 496 497 500 501 502 506 507 520 521 522 523 524 525 527 528 530 533 537 538 1574 1576 1585 1587 1593 1596 1601 1605 1607 1614 1616 1618 1619 1624 1625 1628 1629 1633 1634 1639 1640 1670 1672 1674 1675 1676 1677 1678 1680 1682 1683 1684 1685 1686 1687 1688 1689 1690 1693 1694 1786 1787 1788 1790 1791 1792 1794 1795 1796 1797 1798 1799 1800 1801 1802 1805 1806 1812 1813 1814 1816 1818 1819 1821 1822 1823 1824 1825 1826 1827 1828 1831 1832
50: 329 331 333 334 335 336 337 338 339 340 341 342 343 345 346 347 348 349 350 351 352 353 354 355 356 357 360 369 380 381 385 386 390 391 393 394 395 396 397 398 399 400 401 402 403 404 405 407 408 410 412 413 414 416 419 421 423 424 425 426 427 429 430 432 434 436 437 454 460 465 466 470 471 475 476 477 480 481 486 487 491 492 496 497 500 501 502 506 507 520 521 522 523 524 525 527 528 530 533 537 538 1574 1575 1576 1585 1587 1593 1596 1601 1605 1606 1607 1609 1614 1616 1618 1619 1624 1625 1628 1629 1633 1634 1639 1640 1670 1672 1674 1675 1676 1677 1678 1679 1680 1682 1683 1684 1685 1686 1687 1688 1689 1690 1693 1694 1786 1787 1788 1790 1791 1792 1794 1795 1796 1797 1798 1799 1800 1801 1802 1805 1806 1812 1813 1814 1818 1819 1821 1823 1824 1826 1827 1828 1831 1832
55: 329 331 333 334 335 336 337 338 339 340 341 342 343 345 346 347 348 349 350 351 352 353 354 355 356 357 360 369 380 381 385 386 390 391 393 394 395 396 397 398 399 400 401 402 403 404 405 408 410 412 413 414 416 419 421 423 424 425 426 427 429 430 432 434 436 437 454 460 465 466 470 471 475 476 477 480 481 486 487 491 492 496 497 500 501 502 506 507 520 521 522 523 524 525 527 528 530 533 537 538 1574 1575 1576 1583 1585 1587 1591 1593 1596 1601 1605 1606 1607 1609 1611 1614 1616 1618 1619 1620 1624 1625 1628 1629 1633 1634 1639 1640 1670 1672 1674 1675 1676 1677 1678 1679 1680 1681 1682 1683 1684 1685 1686 1687 1688 1689 1690 1693 1694 1786 1787 1788 1790 1791 1792 1794 1795 1796 1797 1798 1799 1800 1801 1802 1805 1806 1812 1813 1814 1818 1819 1821 1823 1824 1826 1827 1828 1831 1832
60: 329 331 333 334 335 336 337 338 339 340 341 342 343 345 346 347 348 349 350 351 352 353 354 355 356 357 360 369 380 381 385 386 390 391 393 394 395 396 397 398 399 400 401 402 403 404 405 407 408 410 412 413 414 416 419 421 423 424 425 426 427 429 430 432 434 436 437 454 460 465 466 470 471 475 476 477 480 481 486 487 491 492 496 497 500 501 502 506 507 520 521 522 523 524 525 527 528 537 538 1574 1575 1576 1585 1587 1593 1596 1601 1605 1607 1609 1611 1613 1614 1615 1616 1618 1619 1620 1621 1624 1625 1628 1629 1633 1634 1639 1640 1670 1672 1674 1675 1676 1677 1678 1679 1680 1681 1682 1683 1684 1685 1686 1687 1688 1689 1690 1693 1694 1786 1787 1788 1790 1791 1792 1794 1795 1796 1797 1798 1799 1800 1801 1802 1805 1806 1812 1813 1814 1816 1818 1819 1821 1822 1823 1824 1825 1826 1827 1828 1831 1832
65: 329 331 333 334 335 336 337 338 339 340 341 342 343 345 346 347 348 349 350 351 352 353 354 355 356 357 360 369 380 381 385 386 390 391 393 394 395 396 397 398 399 400 401 402 403 404 405 407 408 410 412 413 414 416 419 421 423 424 425 426 427 429 430 432 434 436 437 454 460 465 466 470 471 475 476 477 480 481 486 487 491 492 496 497 500 501 502 506 507 520 521 522 523 524 525 527 528 530 537 538 1574 1575 1576 1583 1585 1587 1591 1593 1596 1601 1605 1606 1607 1609 1611 1613 1614 1615 1616 1618 1619 1620 1621 1623 1624 1625 1628 1629 1633 1634 1639 1640 1670 1672 1674 1675 1676 1677 1678 1679 1680 1681 1682 1683 1684 1685 1686 1687 1688 1689 1690 1693 1694 1786 1787 1788 1790 1791 1792 1794 1795 1796 1797 1798 1799 1800 1801 1802 1805 1806 1812 1813 1814 1816 1818 1819 1821 1822 1823 1824 1826 1827 1828 1831 1832
70: 329 331 333 334 335 336 337 338 339 340 341 342 343 345 346 347 348 349 350 351 352 353 354 355 356 357 360 369 380 381 385 386 390 391 393 394 395 396 397 398 399 400 401 402 403 404 405 407 408 410 412 413 414 415 416 419 421 423 424 425 426 427 429 430 432 434 436 437 454 460 465 466 470 471 475 476 477 480 481 486 487 491 492 496 497 500 501 502 506 507 520 521 522 523 524 525 527 528 530 533 537 538 1574 1575 1576 1583 1585 1587 1591 1592 1593 1596 1601 1605 1606 1607 1609 1611 1613 1614 1615 1616 1618 1619 1620 1621 1623 1624 1625 1628 1629 1632 1633 1634 1639 1640 1670 1672 1674 1675 1676 1677 1678 1679 1680 1681 1682 1683 1684 1685 1686 1687 1688 1689 1690 1693 1694 1786 1787 1788 1790 1791 1792 1794 1795 1796 1797 1798 1799 1800 1801 1802 1805 1806 1812 1813 1814 1816 1818 1819 1821 1822 1823 1824 1825 1826 1827 1828 1831 1832
75: 329 331 333 334 335 336 337 338 339 340 341 342 343 345 346 347 348 349 350 351 352 353 354 355 356 357 360 369 380 381 385 386 390 391 393 394 395 396 397 398 399 400 401 402 403 404 405 407 408 410 412 413 414 415 416 419 421 423 424 425 426 427 429 430 432 434 436 437 454 460 465 466 470 471 475 476 477 480 481 486 487 491 492 496 497 500 501 502 506 507 520 521 522 523 524 525 527 528 530 533 537 538 1574 1575 1576 1583 1585 1587 1591 1592 1593 1596 1601 1605 1606 1607 1609 1611 1613 1614 1615 1616 1618 1619 1620 1621 1623 1624 1625 1628 1629 1632 1633 1634 1639 1640 1670 1672 1674 1675 1676 1677 1678 1679 1680 1681 1682 1683 1684 1685 1686 1687 1688 1689 1690 1693 1694 1786 1787 1788 1790 1791 1792 1794 1795 1796 1797 1798 1799 1800 1801 1802 1805 1806 1812 1813 1814 1816 1818 1819 1821 1822 1823 1824 1825 1826 1827 1828 1831 1832
80: 329 331 333 334 335 336 337 338 339 340 341 342 343 345 346 347 348 349 350 351 352 353 354 355 356 357 360 369 380 381 385 386 390 391 393 394 395 396 397 398 399 400 401 402 403 404 405 407 408 410 412 413 414 415 416 419 421 423 424 425 426 427 429 430 432 434 436 437 454 460 465 466 470 471 475 476 477 480 481 486 487 491 492 496 497 500 501 502 506 507 520 521 522 523 524 525 527 528 530 533 537 538 1574 1575 1576 1583 1585 1587 1591 1592 1593 1596 1601 1605 1606 1607 1609 1611 1613 1614 1615 1616 1618 1619 1620 1621 1623 1624 1625 1628 1629 1632 1633 1634 1639 1640 1670 1672 1674 1675 1676 1677 1678 1679 1680 1681 1682 1683 1684 1685 1686 1687 1688 1689 1690 1693 1694 1786 1787 1788 1790 1791 1792 1794 1795 1796 1797 1798 1799 1800 1801 1802 1805 1806 1812 1813 1814 1816 1818 1819 1821 1822 1823 1824 1825 1826 1827 1828 1831 1832
85: 329 331 333 334 335 336 337 338 339 340 341 342 343 345 346 347 348 349 350 351 352 353 354 355 356 357 360 369 380 381 385 386 390 391 393 394 395 396 397 398 399 400 401 402 403 404 405 407 408 410 412 413 414 415 416 419 421 423 424 425 426 427 429 430 432 434 436 437 454 460 465 466 470 471 475 476 477 480 481 486 487 491 492 496 497 500 501 502 506 507 520 521 522 523 524 525 527 528 530 533 537 538 1574 1575 1576 1583 1585 1587 1591 1592 1593 1596 1601 1605 1606 1607 1609 1611 1613 1614 1615 1616 1618 1619 1620 1621 1623 1624 1625 1628 1629 1632 1633 1634 1639 1640 1670 1672 1674 1675 1676 1677 1678 1679 1680 1681 1682 1683 1684 1685 1686 1687 1688 1689 1690 1693 1694 1786 1787 1788 1790 1791 1792 1794 1795 1796 1797 1798 1799 1800 1801 1802 1805 1806 1812 1813 1814 1816 1818 1819 1821 1822 1823 1824 1825 1826 1827 1828 1831 1832
90: 329 331 333 334 335 336 337 338 339 340 341 342 343 345 346 347 348 349 350 351 352 353 354 355 356 357 360 369 380 381 385 386 390 391 393 394 395 396 397 398 399 400 401 402 403 404 405 407 408 410 412 413 414 415 416 419 421 423 424 425 426 427 429 430 432 434 436 437 454 460 465 466 470 471 475 476 477 480 481 486 487 491 492 496 497 500 501 502 506 507 520 521 522 523 524 525 527 528 530 533 537 538 1574 1575 1576 1583 1585 1587 1591 1592 1593 1596 1601 1605 1606 1607 1609 1611 1613 1614 1615 1616 1618 1619 1620 1621 1623 1624 1625 1628 1629 1632 1633 1634 1639 1640 1670 1672 1674 1675 1676 1677 1678 1679 1680 1681 1682 1683 1684 1685 1686 1687 1688 1689 1690 1693 1694 1786 1787 1788 1790 1791 1792 1794 1795 1796 1797 1798 1799 1800 1801 1802 1805 1806 1812 1813 1814 1816 1818 1819 1821 1822 1823 1824 1825 1826 1827 1828 1831 1832
95: 329 331 333 334 335 336 337 338 339 340 341 342 343 345 346 347 348 349 350 351 352 353 354 355 356 357 360 369 380 381 385 386 390 391 393 394 395 396 397 398 399 400 401 402 403 404 405 407 408 410 412 413 414 415 416 419 421 423 424 425 426 427 429 430 432 434 436 437 454 460 465 466 470 471 475 476 477 480 481 486 487 491 492 496 497 500 501 502 506 507 520 521 522 523 524 525 527 528 530 533 537 538 1574 1575 1576 1583 1585 1587 1591 1592 1593 1596 1601 1605 1606 1607 1609 1611 1613 1614 1615 1616 1618 1619 1620 1621 1623 1624 1625 1628 1629 1632 1633 1634 1639 1640 1670 1672 1674 1675 1676 1677 1678 1679 1680 1681 1682 1683 1684 1685 1686 1687 1688 1689 1690 1693 1694 1786 1787 1788 1790 1791 1792 1794 1795 1796 1797 1798 1799 1800 1801 1802 1805 1806 1812 1813 1814 1816 1818 1819 1821 1822 1823 1824 1825 1826 1827 1828 1831 1832
100: 329 331 333 334 335 336 337 338 339 340 341 342 343 345 346 347 348 349 350 351 352 353 354 355 356 357 360 369 380 381 385 386 390 391 393 394 395 396 397 398 399 400 401 402 403 404 405 407 408 410 412 413 414 415 416 419 421 423 424 425 426 427 429 430 432 434 436 437 454 460 465 466 470 471 475 476 477 480 481 486 487 491 492 496 497 500 501 502 506 507 520 521 522 523 524 525 527 528 530 533 537 538 1574 1575 1576 1583 1585 1587 1591 1592 1593 1596 1601 1605 1606 1607 1609 1611 1613 1614 1615 1616 1618 1619 1620 1621 1623 1624 1625 1628 1629 1632 1633 1634 1639 1640 1670 1672 1674 1675 1676 1677 1678 1679 1680 1681 1682 1683 1684 1685 1686 1687 1688 1689 1690 1693 1694 1786 1787 1788 1790 1791 1792 1794 1795 1796 1797 1798 1799 1800 1801 1802 1805 1806 1812 1813 1814 1816 1818 1819 1821 1822 1823 1824 1825 1826 1827 1828 1831 1832
