5: 329 331 346 348 352 354 355 356 381 402 404 410 416 427 430 434 454 520 521 1607 1640 1788 1806 1814
10: 329 331 345 346 348 349 350 351 352 353 354 355 356 357 381 386 391 393 394 396 402 404 410 416 421 425 427 430 434 437 454 491 500 501 520 521 538 1576 1605 1607 1640 1788 1805 1806 1814 1831 1832
15: 329 331 345 346 348 349 350 351 352 353 354 355 356 357 381 386 391 393 394 395 396 398 399 402 403 404 405 410 412 413 416 421 423 425 427 430 434 437 454 480 491 500 501 520 521 524 537 538 1576 1605 1607 1628 1640 1694 1788 1805 1806 1814 1831 1832
20: 329 331 345 346 347 348 349 350 351 352 353 354 355 356 357 380 381 385 386 391 393 394 395 396 398 399 400 401 402 403 404 405 410 412 413 416 421 423 424 425 427 430 434 437 454 480 481 486 487 491 492 500 501 520 521 524 537 538 1576 1605 1607 1628 1629 1639 1640 1672 1693 1694 1786 1788 1805 1806 1812 1814 1831 1832
25: 329 331 338 340 342 345 346 347 348 349 350 351 352 353 354 355 356 357 360 380 381 385 386 390 391 393 394 395 396 398 399 400 401 402 403 404 405 408 410 412 413 414 416 421 423 424 425 427 430 432 434 437 454 465 466 475 477 480 481 486 487 491 492 496 497 500 501 520 521 524 537 538 1574 1576 1601 1605 1607 1625 1628 1629 1633 1639 1640 1670 1672 1687 1693 1694 1786 1788 1805 1806 1812 1814 1828 1831 1832
30: 329 331 334 336 337 338 339 340 341 342 343 345 346 347 348 349 350 351 352 353 354 355 356 357 360 380 381 385 386 390 391 393 394 395 396 398 399 400 401 402 403 404 405 408 410 412 413 414 416 421 423 424 425 427 430 432 434 437 454 465 466 475 477 480 481 486 487 491 492 496 497 500 501 502 507 520 521 522 524 525 528 537 538 1574 1576 1601 1605 1607 1613 1619 1625 1628 1629 1632 1633 1636 1639 1640 1670 1672 1687 1693 1694 1786 1788 1801 1805 1806 1812 1814 1828 1831 1832
35: 329 331 338 340 342 345 346 347 348 349 350 351 352 353 354 355 356 357 360 380 381 385 386 390 391 393 394 395 396 398 399 400 401 402 403 404 405 408 410 412 413 414 416 421 423 424 425 427 430 432 434 437 454 465 466 475 477 480 481 486 487 491 492 496 497 500 501 502 507 520 521 522 524 525 528 537 538 1574 1576 1601 1605 1607 1613 1614 1617 1619 1625 1628 1629 1632 1633 1636 1639 1640 1670 1672 1687 1693 1694 1786 1788 1795 1801 1802 1805 1806 1812 1813 1814 1820 1821 1828 1831 1832
40: 329 331 336 337 338 339 340 342 345 346 347 348 349 350 351 352 353 354 355 356 357 360 380 381 385 386 390 391 393 394 395 396 398 399 400 401 402 403 404 405 408 410 412 413 414 416 419 421 423 424 425 427 430 432 434 437 454 465 466 475 477 480 481 486 487 491 492 496 497 500 501 502 507 520 521 522 524 525 528 537 538 1574 1576 1601 1605 1607 1613 1614 1617 1618 1619 1621 1625 1628 1629 1632 1633 1636 1639 1640 1670 1672 1687 1693 1694 1786 1788 1795 1801 1802 1805 1806 1812 1813 1814 1820 1821 1827 1828 1831 1832
45: 329 331 336 337 338 339 340 341 342 345 346 347 348 349 350 351 352 353 354 355 356 357 360 380 381 385 386 390 391 393 394 395 396 397 398 399 400 401 402 403 404 405 408 410 412 413 414 416 419 421 423 424 425 427 430 432 434 437 454 465 466 470 475 476 477 480 481 486 487 491 492 496 497 500 501 502 507 520 521 522 524 525 537 538 1574 1576 1593 1601 1605 1607 1613 1614 1615 1617 1618 1619 1621 1625 1628 1629 1632 1633 1636 1639 1640 1670 1672 1674 1676 1678 1687 1690 1693 1694 1786 1788 1790 1794 1795 1798 1799 1800 1801 1802 1805 1806 1812 1813 1814 1816 1818 1820 1821 1826 1827 1828 1831 1832
50: 329 331 334 336 337 338 339 340 341 342 343 345 346 347 348 349 350 351 352 353 354 355 356 357 360 380 381 385 386 390 391 393 394 395 396 397 398 399 400 401 402 403 404 405 408 410 412 413 414 416 419 421 423 424 425 427 430 432 433 434 437 454 465 466 470 475 476 477 480 481 486 487 491 492 496 497 500 501 502 507 520 521 522 523 524 525 527 528 537 538 1574 1576 1583 1593 1596 1600 1601 1605 1606 1607 1613 1614 1615 1617 1618 1619 1621 1625 1628 1629 1632 1633 1635 1636 1639 1640 1670 1672 1674 1676 1678 1679 1680 1681 1684 1686 1687 1690 1693 1694 1786 1787 1788 1790 1791 1792 1793 1794 1795 1797 1798 1799 1800 1801 1802 1805 1806 1812 1813 1814 1816 1818 1820 1821 1826 1827 1828 1831 1832
55: 329 330 331 334 336 337 338 339 340 341 342 343 345 346 347 348 349 350 351 352 353 354 355 356 357 360 369 380 381 385 386 390 391 393 394 395 396 397 398 399 400 401 402 403 404 405 408 410 412 413 414 416 419 421 423 424 425 426 427 430 432 433 434 437 454 465 466 470 475 476 477 480 481 486 487 491 492 496 497 500 501 502 506 507 520 521 522 523 524 525 527 528 537 538 1574 1576 1583 1593 1596 1600 1601 1605 1606 1607 1609 1612 1613 1614 1615 1617 1618 1619 1621 1625 1628 1629 1632 1633 1635 1636 1639 1640 1670 1672 1674 1676 1678 1679 1680 1681 1684 1686 1687 1690 1693 1694 1786 1787 1788 1790 1791 1792 1793 1794 1795 1797 1798 1799 1800 1801 1802 1805 1806 1812 1813 1814 1816 1818 1820 1821 1824 1826 1827 1828 1831 1832
60: 329 331 334 336 337 338 339 340 341 342 343 345 346 347 348 349 350 351 352 353 354 355 356 357 360 380 381 385 386 390 391 393 394 395 396 397 398 399 400 401 402 403 404 405 408 410 412 413 414 416 419 421 423 424 425 426 427 430 432 433 434 437 454 465 466 470 471 475 476 477 480 481 486 487 491 492 496 497 500 501 502 507 520 521 522 523 524 525 527 528 537 538 1574 1576 1583 1593 1596 1600 1601 1605 1606 1607 1609 1612 1613 1614 1615 1617 1618 1619 1620 1621 1623 1625 1628 1629 1632 1633 1636 1639 1640 1670 1672 1674 1676 1678 1679 1680 1681 1684 1686 1687 1689 1690 1693 1694 1786 1787 1788 1790 1791 1792 1793 1794 1795 1797 1798 1799 1800 1801 1802 1805 1806 1812 1813 1814 1816 1818 1820 1821 1824 1826 1827 1828 1831 1832
65: 329 330 331 334 335 336 337 338 339 340 341 342 343 345 346 347 348 349 350 351 352 353 354 355 356 357 360 369 380 381 385 386 390 391 393 394 395 396 397 398 399 400 401 402 403 404 405 408 410 412 413 414 416 418 419 420 421 423 424 425 426 427 430 432 433 434 437 454 465 466 470 471 475 476 477 480 481 486 487 491 492 496 497 500 501 502 506 507 520 521 522 523 524 525 526 527 528 530 537 538 1574 1576 1583 1584 1591 1592 1593 1596 1600 1601 1605 1606 1607 1609 1612 1613 1614 1615 1617 1618 1619 1620 1621 1623 1624 1625 1628 1629 1632 1633 1634 1635 1636 1639 1640 1670 1671 1672 1674 1676 1677 1678 1679 1680 1681 1682 1683 1684 1686 1687 1689 1690 1693 1694 1786 1787 1788 1790 1791 1792 1793 1794 1795 1796 1797 1798 1799 1800 1801 1802 1805 1806 1812 1813 1814 1816 1818 1819 1820 1821 1822 1823 1824 1825 1826 1827 1828 1831 1832
70: 329 330 331 334 336 337 338 339 340 341 342 343 345 346 347 348 349 350 351 352 353 354 355 356 357 360 369 380 381 385 386 390 391 393 394 395 396 397 398 399 400 401 402 403 404 405 408 410 412 413 414 416 419 421 423 424 425 426 427 430 432 433 434 436 437 453 454 465 466 470 471 475 476 477 480 481 486 487 491 492 496 497 500 501 502 506 507 520 521 522 523 524 525 527 528 537 538 1574 1576 1583 1584 1591 1592 1593 1596 1600 1601 1605 1606 1607 1609 1612 1613 1614 1615 1616 1617 1618 1619 1620 1621 1622 1623 1624 1625 1628 1629 1632 1633 1634 1635 1636 1639 1640 1670 1671 1672 1674 1676 1677 1678 1679 1680 1681 1682 1683 1684 1685 1686 1687 1688 1689 1690 1693 1694 1786 1787 1788 1790 1791 1792 1793 1794 1795 1796 1797 1798 1799 1800 1801 1802 1805 1806 1812 1813 1814 1816 1818 1819 1820 1821 1822 1823 1824 1826 1827 1828 1831 1832
75: 329 330 331 334 335 336 337 338 339 340 341 342 343 345 346 347 348 349 350 351 352 353 354 355 356 357 360 369 380 381 385 386 390 391 393 394 395 396 397 398 399 400 401 402 403 404 405 408 409 410 412 413 414 416 418 419 420 421 423 424 425 426 427 430 432 433 434 436 437 453 454 465 466 470 471 475 476 477 480 481 486 487 491 492 496 497 500 501 502 506 507 520 521 522 523 524 525 526 527 528 530 537 538 1574 1576 1583 1584 1591 1592 1593 1596 1600 1601 1605 1606 1607 1609 1612 1613 1614 1615 1616 1617 1618 1619 1620 1621 1622 1623 1624 1625 1628 1629 1632 1633 1634 1635 1636 1639 1640 1670 1671 1672 1674 1676 1677 1678 1679 1680 1681 1682 1683 1684 1685 1686 1687 1688 1689 1690 1693 1694 1786 1787 1788 1790 1791 1792 1793 1794 1795 1796 1797 1798 1799 1800 1801 1802 1805 1806 1812 1813 1814 1816 1818 1819 1820 1821 1822 1823 1824 1825 1826 1827 1828 1831 1832
80: 329 330 331 334 335 336 337 338 339 340 341 342 343 345 346 347 348 349 350 351 352 353 354 355 356 357 360 369 380 381 385 386 390 391 393 394 395 396 397 398 399 400 401 402 403 404 405 408 409 410 412 413 414 416 418 419 420 421 423 424 425 426 427 430 432 433 434 436 437 453 454 465 466 470 471 475 476 477 480 481 486 487 491 492 496 497 500 501 502 506 507 520 521 522 523 524 525 526 527 528 530 537 538 1574 1576 1583 1584 1591 1592 1593 1596 1600 1601 1605 1606 1607 1609 1612 1613 1614 1615 1616 1617 1618 1619 1620 1621 1622 1623 1624 1625 1628 1629 1632 1633 1634 1635 1636 1639 1640 1670 1671 1672 1674 1676 1677 1678 1679 1680 1681 1682 1683 1684 1685 1686 1687 1688 1689 1690 1693 1694 1786 1787 1788 1790 1791 1792 1793 1794 1795 1796 1797 1798 1799 1800 1801 1802 1805 1806 1812 1813 1814 1816 1818 1819 1820 1821 1822 1823 1824 1825 1826 1827 1828 1831 1832
85: 329 330 331 334 335 336 337 338 339 340 341 342 343 345 346 347 348 349 350 351 352 353 354 355 356 357 360 369 380 381 385 386 390 391 393 394 395 396 397 398 399 400 401 402 403 404 405 408 409 410 412 413 414 416 418 419 420 421 423 424 425 426 427 430 432 433 434 436 437 453 454 465 466 470 471 475 476 477 480 481 486 487 491 492 496 497 500 501 502 506 507 520 521 522 523 524 525 526 527 528 530 537 538 1574 1576 1583 1584 1591 1592 1593 1596 1600 1601 1605 1606 1607 1609 1612 1613 1614 1615 1616 1617 1618 1619 1620 1621 1622 1623 1624 1625 1628 1629 1632 1633 1634 1635 1636 1639 1640 1670 1671 1672 1674 1676 1677 1678 1679 1680 1681 1682 1683 1684 1685 1686 1687 1688 1689 1690 1693 1694 1786 1787 1788 1790 1791 1792 1793 1794 1795 1796 1797 1798 1799 1800 1801 1802 1805 1806 1812 1813 1814 1816 1818 1819 1820 1821 1822 1823 1824 1825 1826 1827 1828 1831 1832
90: 329 330 331 334 335 336 337 338 339 340 341 342 343 345 346 347 348 349 350 351 352 353 354 355 356 357 360 369 380 381 385 386 390 391 393 394 395 396 397 398 399 400 401 402 403 404 405 408 409 410 412 413 414 416 418 419 420 421 423 424 425 426 427 430 432 433 434 436 437 453 454 465 466 470 471 475 476 477 480 481 486 487 491 492 496 497 500 501 502 506 507 520 521 522 523 524 525 526 527 528 530 537 538 1574 1576 1583 1584 1591 1592 1593 1596 1600 1601 1605 1606 1607 1609 1612 1613 1614 1615 1616 1617 1618 1619 1620 1621 1622 1623 1624 1625 1628 1629 1632 1633 1634 1635 1636 1639 1640 1670 1671 1672 1674 1676 1677 1678 1679 1680 1681 1682 1683 1684 1685 1686 1687 1688 1689 1690 1693 1694 1786 1787 1788 1790 1791 1792 1793 1794 1795 1796 1797 1798 1799 1800 1801 1802 1805 1806 1812 1813 1814 1816 1818 1819 1820 1821 1822 1823 1824 1825 1826 1827 1828 1831 1832
95: 329 330 331 334 335 336 337 338 339 340 341 342 343 345 346 347 348 349 350 351 352 353 354 355 356 357 360 369 380 381 385 386 390 391 393 394 395 396 397 398 399 400 401 402 403 404 405 408 409 410 412 413 414 416 418 419 420 421 423 424 425 426 427 430 432 433 434 436 437 453 454 465 466 470 471 475 476 477 480 481 486 487 491 492 496 497 500 501 502 506 507 520 521 522 523 524 525 526 527 528 530 537 538 1574 1576 1583 1584 1591 1592 1593 1596 1600 1601 1605 1606 1607 1609 1612 1613 1614 1615 1616 1617 1618 1619 1620 1621 1622 1623 1624 1625 1628 1629 1632 1633 1634 1635 1636 1639 1640 1670 1671 1672 1674 1676 1677 1678 1679 1680 1681 1682 1683 1684 1685 1686 1687 1688 1689 1690 1693 1694 1786 1787 1788 1790 1791 1792 1793 1794 1795 1796 1797 1798 1799 1800 1801 1802 1805 1806 1812 1813 1814 1816 1818 1819 1820 1821 1822 1823 1824 1825 1826 1827 1828 1831 1832
100: 329 330 331 334 335 336 337 338 339 340 341 342 343 345 346 347 348 349 350 351 352 353 354 355 356 357 360 369 380 381 385 386 390 391 393 394 395 396 397 398 399 400 401 402 403 404 405 408 409 410 412 413 414 416 418 419 420 421 423 424 425 426 427 430 432 433 434 436 437 453 454 465 466 470 471 475 476 477 480 481 486 487 491 492 496 497 500 501 502 506 507 520 521 522 523 524 525 526 527 528 530 537 538 1574 1576 1583 1584 1591 1592 1593 1596 1600 1601 1605 1606 1607 1609 1612 1613 1614 1615 1616 1617 1618 1619 1620 1621 1622 1623 1624 1625 1628 1629 1632 1633 1634 1635 1636 1639 1640 1670 1671 1672 1674 1676 1677 1678 1679 1680 1681 1682 1683 1684 1685 1686 1687 1688 1689 1690 1693 1694 1786 1787 1788 1790 1791 1792 1793 1794 1795 1796 1797 1798 1799 1800 1801 1802 1805 1806 1812 1813 1814 1816 1818 1819 1820 1821 1822 1823 1824 1825 1826 1827 1828 1831 1832
