5: 18 20 23 24 25 26 27 30 36 65 68 69 70 76 77 84 86 91 92 96 131 136 140 141 143 144 145 146 152 153 813 815 830 834 866 870 872 873 874 875 876 881 882 904 906 908 910 913 914 915 917 919 923 1009 1011 1015 1017 1021 1025 1026 1120 1122 1126 1132 1135 1143 1144
10: 18 20 26 30 36 57 58 62 65 69 70 76 77 84 86 92 96 102 123 124 131 136 140 141 152 153 815 830 834 866 867 870 881 882 910 915 919 923 1011 1021 1025 1026 1120 1122 1126 1132 1135 1144
15: 18 20 30 36 46 56 57 58 61 62 65 77 86 96 100 102 112 122 123 124 127 128 131 140 141 152 815 830 834 866 867 1011 1122
20: 18 20 23 24 25 26 27 30 34 36 40 41 42 46 51 56 57 58 61 62 65 67 68 69 70 76 77 84 86 91 92 96 100 102 112 122 123 124 127 128 131 134 136 140 141 143 144 145 146 152 153 813 815 830 834 862 866 867 870 872 873 874 875 876 881 882 904 905 906 908 909 910 912 913 914 915 916 917 919 923 1009 1011 1013 1015 1016 1017 1019 1021 1022 1025 1026 1120 1122 1126 1128 1132 1135 1143 1144
25: 18 20 23 24 26 30 34 36 40 41 42 46 51 56 57 58 61 62 65 69 70 76 77 84 86 91 92 96 100 102 112 115 121 122 123 124 127 128 131 136 140 141 143 152 153 813 815 820 830 834 853 860 862 866 867 870 873 881 882 904 910 915 919 923 1009 1011 1015 1021 1025 1026 1120 1122 1126 1132 1135 1143 1144
30: 18 19 20 22 23 24 25 26 27 28 29 30 34 36 40 41 42 46 50 51 55 56 57 58 61 62 65 67 68 69 70 71 72 73 76 77 84 86 88 89 90 91 92 93 94 95 96 100 102 106 112 115 121 122 123 124 127 128 131 134 135 136 139 140 141 143 144 145 146 147 149 152 153 813 815 820 830 834 840 853 860 862 863 866 867 870 871 872 873 874 875 876 877 881 882 902 903 904 905 906 907 908 909 910 911 912 913 914 915 916 917 918 919 923 1009 1011 1013 1014 1015 1016 1017 1018 1019 1020 1021 1022 1025 1026 1120 1122 1124 1126 1127 1128 1129 1131 1132 1134 1135 1136 1137 1138 1139 1140 1143 1144
35: 18 19 20 23 24 25 26 27 29 30 34 36 40 41 42 46 47 50 51 55 56 57 58 61 62 65 67 68 69 70 76 77 84 86 88 90 91 92 96 100 102 106 112 115 116 121 122 123 124 127 128 131 134 135 136 139 140 141 143 144 145 146 152 153 813 815 820 830 834 840 841 846 851 853 860 862 863 866 867 870 872 873 874 875 876 881 882 903 904 905 906 908 909 910 911 912 913 914 915 916 917 919 923 1009 1011 1013 1015 1016 1017 1018 1019 1021 1022 1025 1026 1120 1122 1126 1128 1132 1135 1136 1143 1144
40: 18 20 23 24 25 26 30 34 36 40 41 42 43 46 47 49 50 51 52 54 55 56 57 58 61 62 65 68 69 70 76 77 84 86 91 92 96 100 102 106 107 108 111 112 115 116 117 119 120 121 122 123 124 127 128 131 136 140 141 143 144 145 146 152 153 813 815 820 830 834 840 841 846 853 860 862 863 866 867 870 872 873 874 875 876 881 882 904 906 908 910 913 914 915 917 919 923 1009 1011 1015 1017 1021 1025 1026 1120 1122 1126 1132 1135 1143 1144
45: 18 19 20 22 23 24 25 26 27 28 29 30 34 36 39 40 41 42 43 46 47 49 50 51 52 54 55 56 57 58 61 62 65 66 67 68 69 70 71 72 73 76 77 84 85 86 88 89 90 91 92 93 94 95 96 100 102 106 107 108 111 112 115 116 117 119 120 121 122 123 124 127 128 131 133 134 135 136 137 138 139 140 141 143 144 145 146 147 148 149 152 153 813 815 820 830 834 840 841 846 851 853 859 860 861 862 863 866 867 870 871 872 873 874 875 876 877 878 881 882 902 903 904 905 906 907 908 909 910 911 912 913 914 915 916 917 918 919 921 923 1009 1011 1013 1014 1015 1016 1017 1018 1019 1020 1021 1022 1025 1026 1120 1122 1124 1125 1126 1127 1128 1129 1130 1131 1132 1133 1134 1135 1136 1137 1138 1139 1140 1143 1144
50: 18 19 20 23 24 25 26 27 29 30 34 36 39 40 41 42 43 46 47 49 50 51 52 54 55 56 57 58 61 62 65 67 68 69 70 71 72 73 76 77 84 86 88 89 90 91 92 93 95 96 100 102 104 106 107 108 111 112 113 115 116 117 119 120 121 122 123 124 127 128 131 134 135 136 139 140 141 143 144 145 146 149 152 153 813 815 820 830 834 840 841 846 851 852 853 855 857 859 860 861 862 863 866 867 870 871 872 873 874 875 876 881 882 903 904 905 906 907 908 909 910 911 912 913 914 915 916 917 918 919 923 1009 1011 1013 1015 1016 1017 1018 1019 1020 1021 1022 1025 1026 1120 1122 1126 1128 1132 1134 1135 1136 1138 1140 1143 1144
55: 18 19 20 23 24 25 26 27 30 34 36 39 40 41 42 43 44 46 47 48 49 50 51 52 54 55 56 57 58 61 62 65 67 68 69 70 76 77 84 86 91 92 96 100 102 104 105 106 107 108 109 111 112 113 114 115 116 117 118 119 120 121 122 123 124 127 128 131 134 136 140 141 143 144 145 146 152 153 813 815 820 830 834 840 841 846 851 852 853 854 855 857 859 860 861 862 863 866 867 870 872 873 874 875 876 881 882 904 905 906 908 909 910 912 913 914 915 917 919 923 1009 1011 1015 1017 1019 1021 1022 1025 1026 1120 1122 1126 1128 1132 1135 1143 1144
60: 18 19 20 22 23 24 25 26 27 28 29 30 34 36 38 39 40 41 42 43 44 46 47 48 49 50 51 52 54 55 56 57 58 61 62 65 66 67 68 69 70 71 72 73 76 77 84 85 86 88 89 90 91 92 93 94 95 96 100 102 104 105 106 107 108 109 111 112 113 114 115 116 117 118 119 120 121 122 123 124 127 128 131 133 134 135 136 137 138 139 140 141 143 144 145 146 147 148 149 152 153 813 815 820 830 834 839 840 841 846 849 850 851 852 853 854 855 857 859 860 861 862 863 866 867 870 871 872 873 874 875 876 877 878 881 882 902 903 904 905 906 907 908 909 910 911 912 913 914 915 916 917 918 919 921 923 1009 1011 1013 1014 1015 1016 1017 1018 1019 1020 1021 1022 1025 1026 1120 1122 1124 1125 1126 1127 1128 1129 1130 1131 1132 1133 1134 1135 1136 1137 1138 1139 1140 1143 1144
65: 18 19 20 22 23 24 25 26 27 29 30 34 36 38 39 40 41 42 43 44 45 46 47 48 49 50 51 52 54 55 56 57 58 61 62 65 67 68 69 70 71 72 73 76 77 84 86 88 89 90 91 92 93 94 95 96 100 102 104 105 106 107 108 109 110 111 112 113 114 115 116 117 118 119 120 121 122 123 124 127 128 131 134 135 136 139 140 141 143 144 145 146 147 149 152 153 813 815 820 830 834 838 839 840 841 842 845 846 849 850 851 852 853 854 855 857 859 860 861 862 863 866 867 870 871 872 873 874 875 876 877 881 882 902 903 904 905 906 907 908 909 910 911 912 913 914 915 916 917 918 919 923 1009 1011 1013 1014 1015 1016 1017 1018 1019 1020 1021 1022 1025 1026 1120 1122 1124 1126 1127 1128 1131 1132 1134 1135 1136 1137 1138 1139 1140 1143 1144
70: 18 19 20 22 23 24 25 26 27 28 29 30 34 35 36 38 39 40 41 42 43 44 45 46 47 48 49 50 51 52 53 54 55 56 57 58 61 62 65 66 67 68 69 70 71 72 73 76 77 84 85 86 88 89 90 91 92 93 94 95 96 100 102 104 105 106 107 108 109 110 111 112 113 114 115 116 117 118 119 120 121 122 123 124 127 128 131 133 134 135 136 137 138 139 140 141 143 144 145 146 147 148 149 152 153 813 815 820 827 830 834 838 839 840 841 842 843 844 845 846 849 850 851 852 853 854 855 857 859 860 861 862 863 866 867 870 871 872 873 874 875 876 877 878 881 882 902 903 904 905 906 907 908 909 910 911 912 913 914 915 916 917 918 919 921 923 1009 1011 1013 1014 1015 1016 1017 1018 1019 1020 1021 1022 1025 1026 1120 1122 1124 1125 1126 1127 1128 1129 1130 1131 1132 1133 1134 1135 1136 1137 1138 1139 1140 1143 1144
75: 18 19 20 22 23 24 25 26 27 28 29 30 34 35 36 38 39 40 41 42 43 44 45 46 47 48 49 50 51 52 53 54 55 56 57 58 61 62 65 66 67 68 69 70 71 72 73 76 77 84 85 86 88 89 90 91 92 93 94 95 96 100 101 102 104 105 106 107 108 109 110 111 112 113 114 115 116 117 118 119 120 121 122 123 124 127 128 131 133 134 135 136 137 138 139 140 141 143 144 145 146 147 148 149 152 153 813 815 820 827 830 834 838 839 840 841 842 843 844 845 846 849 850 851 852 853 854 855 856 857 859 860 861 862 863 866 867 870 871 872 873 874 875 876 877 878 881 882 902 903 904 905 906 907 908 909 910 911 912 913 914 915 916 917 918 919 921 923 1009 1011 1013 1014 1015 1016 1017 1018 1019 1020 1021 1022 1025 1026 1120 1122 1124 1125 1126 1127 1128 1129 1130 1131 1132 1133 1134 1135 1136 1137 1138 1139 1140 1143 1144
80: 18 19 20 22 23 24 25 26 27 28 29 30 34 35 36 38 39 40 41 42 43 44 45 46 47 48 49 50 51 52 53 54 55 56 57 58 61 62 65 66 67 68 69 70 71 72 73 76 77 84 85 86 88 89 90 91 92 93 94 95 96 100 101 102 104 105 106 107 108 109 110 111 112 113 114 115 116 117 118 119 120 121 122 123 124 127 128 131 133 134 135 136 137 138 139 140 141 143 144 145 146 147 148 149 152 153 813 815 820 827 830 834 838 839 840 841 842 843 844 845 846 849 850 851 852 853 854 855 856 857 859 860 861 862 863 866 867 870 871 872 873 874 875 876 877 878 881 882 902 903 904 905 906 907 908 909 910 911 912 913 914 915 916 917 918 919 921 923 1009 1011 1013 1014 1015 1016 1017 1018 1019 1020 1021 1022 1025 1026 1120 1122 1124 1125 1126 1127 1128 1129 1130 1131 1132 1133 1134 1135 1136 1137 1138 1139 1140 1143 1144
85: 18 19 20 22 23 24 25 26 27 28 29 30 34 35 36 38 39 40 41 42 43 44 45 46 47 48 49 50 51 52 53 54 55 56 57 58 61 62 65 66 67 68 69 70 71 72 73 76 77 84 85 86 88 89 90 91 92 93 94 95 96 100 101 102 104 105 106 107 108 109 110 111 112 113 114 115 116 117 118 119 120 121 122 123 124 127 128 131 133 134 135 136 137 138 139 140 141 143 144 145 146 147 148 149 152 153 813 815 820 827 830 834 838 839 840 841 842 843 844 845 846 849 850 851 852 853 854 855 856 857 859 860 861 862 863 866 867 870 871 872 873 874 875 876 877 878 881 882 902 903 904 905 906 907 908 909 910 911 912 913 914 915 916 917 918 919 921 923 1009 1011 1013 1014 1015 1016 1017 1018 1019 1020 1021 1022 1025 1026 1120 1122 1124 1125 1126 1127 1128 1129 1130 1131 1132 1133 1134 1135 1136 1137 1138 1139 1140 1143 1144
90: 18 19 20 22 23 24 25 26 27 28 29 30 34 35 36 38 39 40 41 42 43 44 45 46 47 48 49 50 51 52 53 54 55 56 57 58 61 62 65 66 67 68 69 70 71 72 73 76 77 84 85 86 88 89 90 91 92 93 94 95 96 100 101 102 104 105 106 107 108 109 110 111 112 113 114 115 116 117 118 119 120 121 122 123 124 127 128 131 133 134 135 136 137 138 139 140 141 143 144 145 146 147 148 149 152 153 813 815 820 827 830 834 838 839 840 841 842 843 844 845 846 849 850 851 852 853 854 855 856 857 859 860 861 862 863 866 867 870 871 872 873 874 875 876 877 878 881 882 902 903 904 905 906 907 908 909 910 911 912 913 914 915 916 917 918 919 921 923 1009 1011 1013 1014 1015 1016 1017 1018 1019 1020 1021 1022 1025 1026 1120 1122 1124 1125 1126 1127 1128 1129 1130 1131 1132 1133 1134 1135 1136 1137 1138 1139 1140 1143 1144
95: 18 19 20 22 23 24 25 26 27 28 29 30 34 35 36 38 39 40 41 42 43 44 45 46 47 48 49 50 51 52 53 54 55 56 57 58 61 62 65 66 67 68 69 70 71 72 73 76 77 84 85 86 88 89 90 91 92 93 94 95 96 100 101 102 104 105 106 107 108 109 110 111 112 113 114 115 116 117 118 119 120 121 122 123 124 127 128 131 133 134 135 136 137 138 139 140 141 143 144 145 146 147 148 149 152 153 813 815 820 827 830 834 838 839 840 841 842 843 844 845 846 849 850 851 852 853 854 855 856 857 859 860 861 862 863 866 867 870 871 872 873 874 875 876 877 878 881 882 902 903 904 905 906 907 908 909 910 911 912 913 914 915 916 917 918 919 921 923 1009 1011 1013 1014 1015 1016 1017 1018 1019 1020 1021 1022 1025 1026 1120 1122 1124 1125 1126 1127 1128 1129 1130 1131 1132 1133 1134 1135 1136 1137 1138 1139 1140 1143 1144
100: 18 19 20 22 23 24 25 26 27 28 29 30 34 35 36 38 39 40 41 42 43 44 45 46 47 48 49 50 51 52 53 54 55 56 57 58 61 62 65 66 67 68 69 70 71 72 73 76 77 84 85 86 88 89 90 91 92 93 94 95 96 100 101 102 104 105 106 107 108 109 110 111 112 113 114 115 116 117 118 119 120 121 122 123 124 127 128 131 133 134 135 136 137 138 139 140 141 143 144 145 146 147 148 149 152 153 813 815 820 827 830 834 838 839 840 841 842 843 844 845 846 849 850 851 852 853 854 855 856 857 859 860 861 862 863 866 867 870 871 872 873 874 875 876 877 878 881 882 902 903 904 905 906 907 908 909 910 911 912 913 914 915 916 917 918 919 921 923 1009 1011 1013 1014 1015 1016 1017 1018 1019 1020 1021 1022 1025 1026 1120 1122 1124 1125 1126 1127 1128 1129 1130 1131 1132 1133 1134 1135 1136 1137 1138 1139 1140 1143 1144
