5: 18 20 24 25 26 27 30 36 57 58 65 68 69 70 71 72 73 76 77 84 86 90 91 92 96 131 133 134 135 136 137 140 141 144 146 152 153 813 815 830 834 870 873 874 875 881 882 904 905 908 910 913 914 915 919 923 1009 1011 1016 1017 1021 1022 1025 1026 1120 1122 1124 1125 1126 1127 1132 1135 1136 1137 1143 1144
10: 18 20 24 30 36 57 58 61 62 65 68 76 77 86 96 102 121 122 123 124 127 131 135 140 141 152 153 813 815 830 834 870 875 881 882 904 905 910 913 915 919 923 1009 1011 1021 1025 1026 1120 1122 1132 1135 1143 1144
15: 30 36 46 57 58 61 62 65 86 96 100 102 112 121 122 123 124 127 128 815 830 834 866 867 923 1011 1122 1132
20: 18 20 24 25 26 27 29 30 36 46 55 56 57 58 61 62 65 66 67 68 69 70 71 72 73 76 77 84 86 90 91 92 96 100 102 112 115 121 122 123 124 127 128 131 133 134 135 136 137 140 141 144 146 152 153 813 815 820 830 834 859 866 867 870 872 873 874 875 881 882 904 905 908 910 913 914 915 919 923 1009 1011 1015 1016 1017 1018 1020 1021 1022 1025 1026 1120 1122 1124 1125 1126 1127 1128 1132 1134 1135 1136 1137 1138 1143 1144
25: 18 20 24 25 30 34 36 46 50 55 56 57 58 61 62 65 68 69 70 76 77 86 96 100 102 112 115 121 122 123 124 127 128 131 135 140 141 152 153 813 815 820 830 834 859 860 862 863 866 867 870 875 881 882 904 905 910 913 915 919 923 1009 1011 1021 1025 1026 1120 1122 1124 1132 1135 1143 1144
30: 18 20 22 23 24 25 26 27 28 29 30 34 36 46 49 50 51 55 56 57 58 61 62 65 66 67 68 69 70 71 72 73 76 77 84 86 89 90 91 92 94 95 96 100 102 108 112 115 121 122 123 124 127 128 131 132 133 134 135 136 137 138 139 140 141 142 143 144 145 146 147 148 149 152 153 813 814 815 820 830 834 840 852 859 860 862 863 866 867 870 871 872 873 874 875 876 877 878 881 882 902 903 904 905 906 907 908 909 910 911 912 913 914 915 916 917 918 919 923 1009 1011 1014 1015 1016 1017 1018 1019 1020 1021 1022 1025 1026 1120 1122 1124 1125 1126 1127 1128 1129 1131 1132 1133 1134 1135 1136 1137 1138 1139 1140 1143 1144
35: 18 20 24 25 26 27 29 30 34 36 40 41 42 46 49 50 51 55 56 57 58 61 62 65 66 67 68 69 70 71 72 73 76 77 84 86 89 90 91 92 96 100 102 106 108 112 115 121 122 123 124 127 128 131 133 134 135 136 137 140 141 144 146 152 153 813 815 820 830 834 840 851 852 855 859 860 862 863 866 867 870 872 873 874 875 878 881 882 903 904 905 908 910 913 914 915 916 919 923 1009 1011 1015 1016 1017 1018 1020 1021 1022 1025 1026 1120 1122 1124 1125 1126 1127 1128 1132 1134 1135 1136 1137 1138 1143 1144
40: 18 20 24 25 27 30 34 36 40 41 42 44 45 46 49 50 51 55 56 57 58 61 62 65 68 69 70 76 77 86 91 96 100 102 106 107 108 112 114 115 117 120 121 122 123 124 127 128 131 134 135 140 141 144 152 153 813 815 820 830 834 840 851 852 855 857 859 860 862 863 866 867 870 873 875 881 882 904 905 910 913 914 915 919 923 1009 1011 1016 1021 1022 1025 1026 1120 1122 1124 1127 1132 1135 1136 1143 1144
45: 18 19 20 22 23 24 25 26 27 28 29 30 34 36 40 41 42 44 45 46 47 49 50 51 55 56 57 58 61 62 65 66 67 68 69 70 71 72 73 76 77 84 86 88 89 90 91 92 93 94 95 96 100 102 106 107 108 112 114 115 117 120 121 122 123 124 127 128 131 132 133 134 135 136 137 138 139 140 141 142 143 144 145 146 147 148 149 152 153 813 814 815 820 830 834 840 841 846 851 852 855 857 859 860 861 862 863 866 867 870 871 872 873 874 875 876 877 878 881 882 902 903 904 905 906 907 908 909 910 911 912 913 914 915 916 917 918 919 920 923 1009 1010 1011 1013 1014 1015 1016 1017 1018 1019 1020 1021 1022 1025 1026 1120 1122 1124 1125 1126 1127 1128 1129 1131 1132 1133 1134 1135 1136 1137 1138 1139 1140 1143 1144
50: 18 20 24 25 26 27 29 30 34 36 40 41 42 44 45 46 47 49 50 51 55 56 57 58 61 62 65 66 67 68 69 70 71 72 73 76 77 84 86 89 90 91 92 96 100 102 106 107 108 112 114 115 117 120 121 122 123 124 127 128 131 132 133 134 135 136 137 139 140 141 144 146 147 148 152 153 813 815 820 830 834 839 840 841 842 846 851 852 853 855 856 857 859 860 861 862 863 866 867 870 872 873 874 875 878 881 882 903 904 905 908 910 913 914 915 916 918 919 923 1009 1011 1014 1015 1016 1017 1018 1020 1021 1022 1025 1026 1120 1122 1124 1125 1126 1127 1128 1129 1131 1132 1134 1135 1136 1137 1138 1140 1143 1144
55: 18 20 24 25 26 27 30 34 36 38 39 40 41 42 44 45 46 47 49 50 51 53 54 55 56 57 58 61 62 65 68 69 70 72 76 77 86 90 91 92 96 100 102 106 107 108 111 112 113 114 115 116 117 119 120 121 122 123 124 127 128 131 133 134 135 137 140 141 144 146 152 153 813 815 820 830 834 839 840 841 842 846 851 852 853 855 856 857 859 860 861 862 863 866 867 870 873 875 881 882 904 905 910 913 914 915 919 923 1009 1011 1016 1017 1021 1022 1025 1026 1120 1122 1124 1125 1126 1127 1132 1135 1136 1137 1143 1144
60: 18 19 20 22 23 24 25 26 27 28 29 30 34 36 38 39 40 41 42 44 45 46 47 49 50 51 53 54 55 56 57 58 61 62 65 66 67 68 69 70 71 72 73 76 77 84 86 88 89 90 91 92 93 94 95 96 100 102 106 107 108 111 112 113 114 115 116 117 120 121 122 123 124 127 128 131 132 133 134 135 136 137 138 139 140 141 142 143 144 145 146 147 148 149 152 153 813 814 815 820 830 834 839 840 841 842 843 844 845 846 850 851 852 853 855 856 857 859 860 861 862 863 866 867 870 871 872 873 874 875 876 877 878 881 882 902 903 904 905 906 907 908 909 910 911 912 913 914 915 916 917 918 919 920 923 1009 1010 1011 1013 1014 1015 1016 1017 1018 1019 1020 1021 1022 1025 1026 1120 1122 1124 1125 1126 1127 1128 1129 1131 1132 1133 1134 1135 1136 1137 1138 1139 1140 1143 1144
65: 18 20 22 23 24 25 26 27 28 29 30 34 36 38 39 40 41 42 43 44 45 46 47 49 50 51 53 54 55 56 57 58 61 62 65 66 67 68 69 70 71 72 73 76 77 84 86 89 90 91 92 94 95 96 100 102 104 105 106 107 108 110 111 112 113 114 115 116 117 118 119 120 121 122 123 124 127 128 131 132 133 134 135 136 137 138 139 140 141 142 143 144 145 146 147 148 149 152 153 813 815 820 830 834 838 839 840 841 842 843 844 845 846 850 851 852 853 855 856 857 859 860 861 862 863 866 867 870 872 873 874 875 876 878 881 882 903 904 905 906 907 908 909 910 911 913 914 915 916 918 919 923 1009 1011 1014 1015 1016 1017 1018 1020 1021 1022 1025 1026 1120 1122 1124 1125 1126 1127 1128 1129 1131 1132 1133 1134 1135 1136 1137 1138 1140 1143 1144
70: 18 19 20 22 23 24 25 26 27 28 29 30 34 35 36 38 39 40 41 42 43 44 45 46 47 48 49 50 51 53 54 55 56 57 58 61 62 65 66 67 68 69 70 71 72 73 76 77 84 86 88 89 90 91 92 93 94 95 96 100 102 104 105 106 107 108 110 111 112 113 114 115 116 117 118 119 120 121 122 123 124 127 128 131 132 133 134 135 136 137 138 139 140 141 142 143 144 145 146 147 148 149 152 153 813 814 815 820 827 830 834 838 839 840 841 842 843 844 845 846 849 850 851 852 853 854 855 856 857 859 860 861 862 863 866 867 870 871 872 873 874 875 876 877 878 881 882 902 903 904 905 906 907 908 909 910 911 912 913 914 915 916 917 918 919 920 923 1009 1010 1011 1013 1014 1015 1016 1017 1018 1019 1020 1021 1022 1025 1026 1120 1122 1124 1125 1126 1127 1128 1129 1131 1132 1133 1134 1135 1136 1137 1138 1139 1140 1143 1144
75: 18 19 20 22 23 24 25 26 27 28 29 30 34 35 36 38 39 40 41 42 43 44 45 46 47 48 49 50 51 52 53 54 55 56 57 58 61 62 65 66 67 68 69 70 71 72 73 76 77 84 86 88 89 90 91 92 93 94 95 96 100 102 104 105 106 107 108 109 110 111 112 113 114 115 116 117 118 119 120 121 122 123 124 127 128 131 132 133 134 135 136 137 138 139 140 141 142 143 144 145 146 147 148 149 152 153 813 814 815 820 825 827 830 834 838 839 840 841 842 843 844 845 846 849 850 851 852 853 854 855 856 857 859 860 861 862 863 866 867 870 871 872 873 874 875 876 877 878 881 882 902 903 904 905 906 907 908 909 910 911 912 913 914 915 916 917 918 919 920 923 1009 1010 1011 1013 1014 1015 1016 1017 1018 1019 1020 1021 1022 1025 1026 1120 1122 1124 1125 1126 1127 1128 1129 1131 1132 1133 1134 1135 1136 1137 1138 1139 1140 1143 1144
80: 18 19 20 22 23 24 25 26 27 28 29 30 34 35 36 38 39 40 41 42 43 44 45 46 47 48 49 50 51 52 53 54 55 56 57 58 61 62 65 66 67 68 69 70 71 72 73 76 77 84 86 88 89 90 91 92 93 94 95 96 100 102 104 105 106 107 108 109 110 111 112 113 114 115 116 117 118 119 120 121 122 123 124 127 128 131 132 133 134 135 136 137 138 139 140 141 142 143 144 145 146 147 148 149 152 153 813 814 815 820 825 827 830 834 838 839 840 841 842 843 844 845 846 849 850 851 852 853 854 855 856 857 859 860 861 862 863 866 867 870 871 872 873 874 875 876 877 878 881 882 902 903 904 905 906 907 908 909 910 911 912 913 914 915 916 917 918 919 920 923 1009 1010 1011 1013 1014 1015 1016 1017 1018 1019 1020 1021 1022 1025 1026 1120 1122 1124 1125 1126 1127 1128 1129 1131 1132 1133 1134 1135 1136 1137 1138 1139 1140 1143 1144
85: 18 19 20 22 23 24 25 26 27 28 29 30 34 35 36 38 39 40 41 42 43 44 45 46 47 48 49 50 51 52 53 54 55 56 57 58 61 62 65 66 67 68 69 70 71 72 73 76 77 84 86 88 89 90 91 92 93 94 95 96 100 102 104 105 106 107 108 109 110 111 112 113 114 115 116 117 118 119 120 121 122 123 124 127 128 131 132 133 134 135 136 137 138 139 140 141 142 143 144 145 146 147 148 149 152 153 813 814 815 820 825 827 830 834 838 839 840 841 842 843 844 845 846 849 850 851 852 853 854 855 856 857 859 860 861 862 863 866 867 870 871 872 873 874 875 876 877 878 881 882 902 903 904 905 906 907 908 909 910 911 912 913 914 915 916 917 918 919 920 923 1009 1010 1011 1013 1014 1015 1016 1017 1018 1019 1020 1021 1022 1025 1026 1120 1122 1124 1125 1126 1127 1128 1129 1131 1132 1133 1134 1135 1136 1137 1138 1139 1140 1143 1144
90: 18 19 20 22 23 24 25 26 27 28 29 30 34 35 36 38 39 40 41 42 43 44 45 46 47 48 49 50 51 52 53 54 55 56 57 58 61 62 65 66 67 68 69 70 71 72 73 76 77 84 86 88 89 90 91 92 93 94 95 96 100 102 104 105 106 107 108 109 110 111 112 113 114 115 116 117 118 119 120 121 122 123 124 127 128 131 132 133 134 135 136 137 138 139 140 141 142 143 144 145 146 147 148 149 152 153 813 814 815 820 825 827 830 834 838 839 840 841 842 843 844 845 846 849 850 851 852 853 854 855 856 857 859 860 861 862 863 866 867 870 871 872 873 874 875 876 877 878 881 882 902 903 904 905 906 907 908 909 910 911 912 913 914 915 916 917 918 919 920 923 1009 1010 1011 1013 1014 1015 1016 1017 1018 1019 1020 1021 1022 1025 1026 1120 1122 1124 1125 1126 1127 1128 1129 1131 1132 1133 1134 1135 1136 1137 1138 1139 1140 1143 1144
95: 18 19 20 22 23 24 25 26 27 28 29 30 34 35 36 38 39 40 41 42 43 44 45 46 47 48 49 50 51 52 53 54 55 56 57 58 61 62 65 66 67 68 69 70 71 72 73 76 77 84 86 88 89 90 91 92 93 94 95 96 100 102 104 105 106 107 108 109 110 111 112 113 114 115 116 117 118 119 120 121 122 123 124 127 128 131 132 133 134 135 136 137 138 139 140 141 142 143 144 145 146 147 148 149 152 153 813 814 815 820 825 827 830 834 838 839 840 841 842 843 844 845 846 849 850 851 852 853 854 855 856 857 859 860 861 862 863 866 867 870 871 872 873 874 875 876 877 878 881 882 902 903 904 905 906 907 908 909 910 911 912 913 914 915 916 917 918 919 920 923 1009 1010 1011 1013 1014 1015 1016 1017 1018 1019 1020 1021 1022 1025 1026 1120 1122 1124 1125 1126 1127 1128 1129 1131 1132 1133 1134 1135 1136 1137 1138 1139 1140 1143 1144
100: 18 19 20 22 23 24 25 26 27 28 29 30 34 35 36 38 39 40 41 42 43 44 45 46 47 48 49 50 51 52 53 54 55 56 57 58 61 62 65 66 67 68 69 70 71 72 73 76 77 84 86 88 89 90 91 92 93 94 95 96 100 102 104 105 106 107 108 109 110 111 112 113 114 115 116 117 118 119 120 121 122 123 124 127 128 131 132 133 134 135 136 137 138 139 140 141 142 143 144 145 146 147 148 149 152 153 813 814 815 820 825 827 830 834 838 839 840 841 842 843 844 845 846 849 850 851 852 853 854 855 856 857 859 860 861 862 863 866 867 870 871 872 873 874 875 876 877 878 881 882 902 903 904 905 906 907 908 909 910 911 912 913 914 915 916 917 918 919 920 923 1009 1010 1011 1013 1014 1015 1016 1017 1018 1019 1020 1021 1022 1025 1026 1120 1122 1124 1125 1126 1127 1128 1129 1131 1132 1133 1134 1135 1136 1137 1138 1139 1140 1143 1144
