5: 151 152 153 154 159 224 230 231 232 234 235 236 247 924 925 1177 1187 1290 1292
10: 151 152 153 154 159 194 197 224 225 226 230 231 232 234 235 236 247 248 252 253 924 925 1169 1171 1175 1177 1187 1206 1212 1222 1227 1228 1290 1292
15: 151 152 153 154 159 194 197 224 225 226 230 231 232 234 235 236 237 247 248 252 253 924 925 1175 1177 1187 1199 1201 1206 1212 1222 1223 1290 1292
20: 151 152 153 154 159 194 197 224 225 226 230 231 232 234 235 236 237 238 239 240 241 242 243 244 247 248 252 253 924 925 1169 1171 1175 1177 1187 1199 1201 1206 1212 1213 1222 1223 1227 1228 1290 1292 1669
25: 151 152 153 154 159 194 197 224 225 226 230 231 232 234 235 236 237 238 239 240 241 242 243 244 247 248 252 253 924 925 1169 1171 1175 1176 1177 1187 1199 1201 1206 1212 1213 1222 1223 1227 1228 1290 1292 1669
30: 151 152 153 154 159 194 197 224 225 226 230 231 232 234 235 236 237 238 239 240 241 242 243 244 247 248 252 253 924 925 1169 1171 1175 1176 1177 1187 1199 1201 1206 1212 1213 1222 1223 1227 1228 1290 1292 1669
35: 151 152 153 154 159 194 197 224 225 226 230 231 232 234 235 236 237 238 239 240 241 242 243 244 247 248 252 253 924 925 1169 1171 1175 1176 1177 1187 1199 1201 1206 1212 1213 1222 1223 1227 1228 1290 1292 1669
40: 151 152 153 154 159 194 197 224 225 226 230 231 232 234 235 236 237 238 239 240 241 242 243 244 247 248 252 253 924 925 1169 1171 1175 1176 1177 1187 1199 1201 1206 1212 1213 1222 1223 1227 1228 1290 1292 1669
45: 151 152 153 154 159 194 197 224 225 226 230 231 232 234 235 236 237 238 239 240 241 242 243 244 247 248 252 253 924 925 1169 1171 1175 1176 1177 1187 1199 1201 1206 1212 1213 1222 1223 1227 1228 1290 1292 1669
50: 151 152 153 154 159 194 197 224 225 226 230 231 232 234 235 236 237 238 239 240 241 242 243 244 247 248 252 253 924 925 1169 1171 1175 1176 1177 1187 1199 1201 1206 1212 1213 1222 1223 1227 1228 1290 1292 1669
55: 151 152 153 154 159 194 197 224 225 226 230 231 232 234 235 236 237 238 239 240 241 242 243 244 247 248 252 253 924 925 1169 1171 1175 1176 1177 1187 1199 1201 1206 1212 1213 1222 1223 1227 1228 1290 1292 1669
60: 151 152 153 154 159 194 197 224 225 226 230 231 232 234 235 236 237 238 239 240 241 242 243 244 247 248 252 253 924 925 1169 1171 1175 1176 1177 1187 1199 1201 1206 1212 1213 1222 1223 1227 1228 1290 1292 1669
65: 151 152 153 154 159 194 197 224 225 226 230 231 232 234 235 236 237 238 239 240 241 242 243 244 247 248 252 253 924 925 1169 1171 1175 1176 1177 1187 1199 1201 1206 1212 1213 1222 1223 1227 1228 1290 1292 1669
70: 151 152 153 154 159 194 197 224 225 226 230 231 232 234 235 236 237 238 239 240 241 242 243 244 247 248 252 253 924 925 1169 1171 1175 1176 1177 1187 1199 1201 1206 1212 1213 1222 1223 1227 1228 1290 1292 1669
75: 151 152 153 154 159 194 197 224 225 226 230 231 232 234 235 236 237 238 239 240 241 242 243 244 247 248 252 253 924 925 1169 1171 1175 1176 1177 1187 1199 1201 1206 1212 1213 1222 1223 1227 1228 1290 1292 1669
80: 151 152 153 154 159 194 197 224 225 226 230 231 232 234 235 236 237 238 239 240 241 242 243 244 247 248 252 253 924 925 1169 1171 1175 1176 1177 1187 1199 1201 1206 1212 1213 1222 1223 1227 1228 1290 1292 1669
85: 151 152 153 154 159 194 197 224 225 226 230 231 232 234 235 236 237 238 239 240 241 242 243 244 247 248 252 253 924 925 1169 1171 1175 1176 1177 1187 1199 1201 1206 1212 1213 1222 1223 1227 1228 1290 1292 1669
90: 151 152 153 154 159 194 197 224 225 226 230 231 232 234 235 236 237 238 239 240 241 242 243 244 247 248 252 253 924 925 1169 1171 1175 1176 1177 1187 1199 1201 1206 1212 1213 1222 1223 1227 1228 1290 1292 1669
95: 151 152 153 154 159 194 197 224 225 226 230 231 232 234 235 236 237 238 239 240 241 242 243 244 247 248 252 253 924 925 1169 1171 1175 1176 1177 1187 1199 1201 1206 1212 1213 1222 1223 1227 1228 1290 1292 1669
100: 151 152 153 154 159 194 197 224 225 226 230 231 232 234 235 236 237 238 239 240 241 242 243 244 247 248 252 253 924 925 1169 1171 1175 1176 1177 1187 1199 1201 1206 1212 1213 1222 1223 1227 1228 1290 1292 1669
