5: 151 152 153 154 159 224 225 230 231 232 234 235 236 248 924 925 1179 1180
10: 151 152 153 154 230 231 232 234 235 236 248 924 925 1179 1180 1181 1182 1185 1186 1187 1189 1190 1191 1203
15: 151 152 153 154 159 194 197 224 225 226 230 231 232 234 235 236 248 924 925 1171 1177 1179 1180 1181 1182 1185 1186 1187 1189 1190 1191 1192 1194 1203 1206 1207 1227 1228
20: 151 152 153 154 159 194 197 224 225 230 231 232 234 235 236 237 247 248 924 925 1177 1179 1180 1181 1182 1185 1186 1187 1189 1190 1191 1192 1194 1203 1206 1207 1212 1216 1217 1218 1219 1222 1223
25: 151 152 153 154 159 224 225 226 230 231 232 234 235 236 247 248 924 925 1177 1179 1180 1181 1182 1185 1186 1187 1189 1190 1191 1192 1194 1201 1203 1204 1206 1207 1208 1212 1216 1217 1218 1219 1222 1223
30: 151 152 153 154 159 194 197 224 225 226 230 231 232 234 235 236 237 238 239 241 243 244 247 248 252 253 301 924 925 1171 1177 1179 1180 1181 1182 1185 1186 1187 1189 1190 1191 1192 1194 1201 1203 1204 1206 1207 1208 1212 1213 1216 1217 1218 1219 1222 1223 1227 1228
35: 151 152 153 154 159 194 197 224 225 226 230 231 232 234 235 236 237 238 239 240 241 242 243 244 247 248 252 253 301 888 924 925 1171 1176 1177 1179 1180 1181 1182 1185 1186 1187 1189 1190 1191 1192 1194 1201 1203 1204 1206 1207 1208 1212 1213 1216 1217 1218 1219 1222 1223 1227 1228
40: 151 152 153 154 159 194 197 224 225 226 230 231 232 234 235 236 237 238 239 240 241 242 243 244 247 248 252 253 301 888 924 925 1171 1176 1177 1179 1180 1181 1182 1185 1186 1187 1189 1190 1191 1192 1194 1201 1203 1204 1206 1207 1208 1212 1213 1216 1217 1218 1219 1222 1223 1227 1228
45: 151 152 153 154 159 194 197 224 225 226 230 231 232 234 235 236 237 238 239 240 241 242 243 244 247 248 252 253 301 888 924 925 1171 1176 1177 1179 1180 1181 1182 1185 1186 1187 1189 1190 1191 1192 1194 1201 1203 1204 1206 1207 1208 1212 1213 1216 1217 1218 1219 1222 1223 1227 1228
50: 151 152 153 154 159 194 197 224 225 226 230 231 232 234 235 236 237 238 239 240 241 242 243 244 247 248 252 253 301 888 924 925 1171 1176 1177 1179 1180 1181 1182 1185 1186 1187 1189 1190 1191 1192 1194 1201 1203 1204 1206 1207 1208 1212 1213 1216 1217 1218 1219 1222 1223 1227 1228
55: 151 152 153 154 159 194 197 224 225 226 230 231 232 234 235 236 237 238 239 240 241 242 243 244 247 248 252 253 301 888 924 925 1171 1176 1177 1179 1180 1181 1182 1185 1186 1187 1189 1190 1191 1192 1194 1201 1203 1204 1206 1207 1208 1212 1213 1216 1217 1218 1219 1222 1223 1227 1228
60: 151 152 153 154 159 194 197 224 225 226 230 231 232 234 235 236 237 238 239 240 241 242 243 244 247 248 252 253 301 888 924 925 1171 1176 1177 1179 1180 1181 1182 1185 1186 1187 1189 1190 1191 1192 1194 1201 1203 1204 1206 1207 1208 1212 1213 1216 1217 1218 1219 1222 1223 1227 1228
65: 151 152 153 154 159 194 197 224 225 226 230 231 232 234 235 236 237 238 239 240 241 242 243 244 247 248 252 253 301 888 924 925 1171 1176 1177 1179 1180 1181 1182 1185 1186 1187 1189 1190 1191 1192 1194 1201 1203 1204 1206 1207 1208 1212 1213 1216 1217 1218 1219 1222 1223 1227 1228
70: 151 152 153 154 159 194 197 224 225 226 230 231 232 234 235 236 237 238 239 240 241 242 243 244 247 248 252 253 301 888 924 925 1171 1176 1177 1179 1180 1181 1182 1185 1186 1187 1189 1190 1191 1192 1194 1201 1203 1204 1206 1207 1208 1212 1213 1216 1217 1218 1219 1222 1223 1227 1228
75: 151 152 153 154 159 194 197 224 225 226 230 231 232 234 235 236 237 238 239 240 241 242 243 244 247 248 252 253 301 888 924 925 1171 1176 1177 1179 1180 1181 1182 1185 1186 1187 1189 1190 1191 1192 1194 1201 1203 1204 1206 1207 1208 1212 1213 1216 1217 1218 1219 1222 1223 1227 1228
80: 151 152 153 154 159 194 197 224 225 226 230 231 232 234 235 236 237 238 239 240 241 242 243 244 247 248 252 253 301 888 924 925 1171 1176 1177 1179 1180 1181 1182 1185 1186 1187 1189 1190 1191 1192 1194 1201 1203 1204 1206 1207 1208 1212 1213 1216 1217 1218 1219 1222 1223 1227 1228
85: 151 152 153 154 159 194 197 224 225 226 230 231 232 234 235 236 237 238 239 240 241 242 243 244 247 248 252 253 301 888 924 925 1171 1176 1177 1179 1180 1181 1182 1185 1186 1187 1189 1190 1191 1192 1194 1201 1203 1204 1206 1207 1208 1212 1213 1216 1217 1218 1219 1222 1223 1227 1228
90: 151 152 153 154 159 194 197 224 225 226 230 231 232 234 235 236 237 238 239 240 241 242 243 244 247 248 252 253 301 888 924 925 1171 1176 1177 1179 1180 1181 1182 1185 1186 1187 1189 1190 1191 1192 1194 1201 1203 1204 1206 1207 1208 1212 1213 1216 1217 1218 1219 1222 1223 1227 1228
95: 151 152 153 154 159 194 197 224 225 226 230 231 232 234 235 236 237 238 239 240 241 242 243 244 247 248 252 253 301 888 924 925 1171 1176 1177 1179 1180 1181 1182 1185 1186 1187 1189 1190 1191 1192 1194 1201 1203 1204 1206 1207 1208 1212 1213 1216 1217 1218 1219 1222 1223 1227 1228
100: 151 152 153 154 159 194 197 224 225 226 230 231 232 234 235 236 237 238 239 240 241 242 243 244 247 248 252 253 301 888 924 925 1171 1176 1177 1179 1180 1181 1182 1185 1186 1187 1189 1190 1191 1192 1194 1201 1203 1204 1206 1207 1208 1212 1213 1216 1217 1218 1219 1222 1223 1227 1228
