5: 145 151 152 153 154 159 224 225 230 231 232 234 235 236 247 248 614 616 650 651 652 653 657 658 775 776 810 820 821 924 925 1179 1260 1262 1266 1268 1270 1272 1276 1277 1278 1280 1282 1283 1285 1290 1292 1297 1298 1299 1303 1304 1307 1310 1313 1314 1318 1319
10: 145 151 152 153 224 230 231 232 234 235 236 247 248 614 616 650 651 652 653 654 657 658 772 774 775 776 810 820 821 879 924 925 1175 1179 1181 1187 1189 1190 1206 1216 1219 1223 1260 1262 1266 1268 1270 1272 1276 1277 1278 1280 1282 1283 1285 1290 1292 1294 1295 1297 1298 1299 1303 1304 1307 1310 1313 1314 1318 1319
15: 145 151 152 153 154 159 194 197 224 225 226 230 231 232 234 235 236 247 248 252 614 616 650 651 652 653 654 657 658 772 774 775 776 810 820 821 879 924 925 1171 1175 1177 1179 1181 1187 1189 1190 1201 1206 1212 1216 1219 1222 1223 1260 1262 1266 1268 1270 1272 1276 1277 1278 1280 1282 1283 1285 1290 1292 1294 1295 1297 1298 1299 1303 1304 1307 1310 1313 1314 1318 1319
20: 145 151 152 153 154 159 194 197 224 225 230 231 232 234 235 236 243 247 248 614 616 650 651 652 653 654 657 658 774 775 776 810 820 821 924 925 1175 1177 1179 1181 1185 1186 1187 1189 1190 1199 1201 1206 1212 1213 1216 1219 1222 1223 1260 1262 1266 1268 1270 1272 1276 1277 1278 1280 1282 1283 1285 1290 1297 1303 1304 1307 1310 1313 1314 1318 1319
25: 145 151 152 153 154 159 194 197 224 225 226 230 231 232 234 235 236 243 247 248 252 253 614 616 650 651 652 653 654 657 658 772 774 775 776 810 820 821 879 924 925 1170 1171 1175 1177 1179 1181 1185 1186 1187 1189 1190 1191 1194 1199 1201 1203 1206 1207 1212 1213 1216 1218 1219 1222 1223 1227 1228 1260 1262 1266 1268 1270 1272 1276 1277 1278 1280 1282 1283 1285 1290 1292 1294 1295 1297 1298 1299 1303 1304 1307 1310 1313 1314 1318 1319 1666 1667 1669
30: 145 151 152 153 154 159 194 197 224 225 226 230 231 232 234 235 236 237 238 239 243 244 247 248 252 253 614 616 650 651 652 653 654 657 658 772 774 775 776 810 820 821 879 889 924 925 1170 1171 1175 1177 1179 1180 1181 1185 1186 1187 1189 1190 1191 1192 1194 1199 1201 1203 1204 1206 1207 1212 1213 1216 1217 1218 1219 1222 1223 1227 1228 1260 1262 1266 1268 1270 1272 1276 1277 1278 1280 1282 1283 1285 1290 1292 1294 1295 1297 1298 1299 1303 1304 1307 1310 1313 1314 1318 1319 1666 1667 1669
35: 145 151 152 153 154 159 194 197 224 225 226 230 231 232 234 235 236 237 238 239 240 241 242 243 244 247 248 252 253 614 616 650 651 652 653 654 657 658 772 774 775 776 810 820 821 879 887 889 890 907 908 924 925 1170 1171 1175 1176 1177 1179 1180 1181 1185 1186 1187 1189 1190 1191 1192 1194 1199 1201 1203 1204 1206 1207 1208 1212 1213 1216 1217 1218 1219 1222 1223 1227 1228 1260 1262 1266 1268 1270 1272 1276 1277 1278 1280 1282 1283 1285 1290 1292 1294 1295 1297 1298 1299 1303 1304 1307 1310 1313 1314 1318 1319 1666 1667
40: 145 151 152 153 154 159 194 197 224 225 226 230 231 232 234 235 236 237 238 239 240 241 242 243 244 247 248 252 253 614 616 650 651 652 653 654 657 658 772 774 775 776 810 820 821 879 887 889 890 907 908 924 925 935 1170 1171 1175 1176 1177 1179 1180 1181 1185 1186 1187 1189 1190 1191 1192 1194 1199 1201 1203 1204 1206 1207 1208 1212 1213 1216 1217 1218 1219 1222 1223 1227 1228 1260 1262 1266 1268 1270 1272 1276 1277 1278 1280 1282 1283 1285 1290 1292 1294 1295 1297 1298 1299 1303 1304 1307 1310 1313 1314 1318 1319 1666 1667 1669
45: 145 151 152 153 154 159 194 197 224 225 226 230 231 232 234 235 236 237 238 239 240 241 242 243 244 247 248 252 253 614 616 650 651 652 653 654 657 658 772 774 775 776 810 820 821 879 887 889 890 907 908 924 925 935 1170 1171 1175 1176 1177 1179 1180 1181 1185 1186 1187 1189 1190 1191 1192 1194 1199 1201 1203 1204 1206 1207 1208 1212 1213 1216 1217 1218 1219 1222 1223 1227 1228 1260 1262 1266 1268 1270 1272 1276 1277 1278 1280 1282 1283 1285 1290 1292 1294 1295 1297 1298 1299 1303 1304 1307 1310 1313 1314 1318 1319 1666 1667 1669
50: 145 151 152 153 154 159 194 197 224 225 226 230 231 232 234 235 236 237 238 239 240 241 242 243 244 247 248 252 253 614 616 650 651 652 653 654 657 658 772 774 775 776 810 820 821 879 887 889 890 907 908 924 925 935 1170 1171 1175 1176 1177 1179 1180 1181 1185 1186 1187 1189 1190 1191 1192 1194 1199 1201 1203 1204 1206 1207 1208 1212 1213 1216 1217 1218 1219 1222 1223 1227 1228 1260 1262 1266 1268 1270 1272 1276 1277 1278 1280 1282 1283 1285 1290 1292 1294 1295 1297 1298 1299 1303 1304 1307 1310 1313 1314 1318 1319 1666 1667 1669
55: 145 151 152 153 154 159 194 197 224 225 226 230 231 232 234 235 236 237 238 239 240 241 242 243 244 247 248 252 253 614 616 650 651 652 653 654 657 658 772 774 775 776 810 820 821 879 887 889 890 907 908 924 925 935 1170 1171 1175 1176 1177 1179 1180 1181 1185 1186 1187 1189 1190 1191 1192 1194 1199 1201 1203 1204 1206 1207 1208 1212 1213 1216 1217 1218 1219 1222 1223 1227 1228 1260 1262 1266 1268 1270 1272 1276 1277 1278 1280 1282 1283 1285 1290 1292 1294 1295 1297 1298 1299 1303 1304 1307 1310 1313 1314 1318 1319 1666 1667 1669
60: 145 151 152 153 154 159 194 197 224 225 226 230 231 232 234 235 236 237 238 239 240 241 242 243 244 247 248 252 253 614 616 650 651 652 653 654 657 658 772 774 775 776 810 820 821 879 887 889 890 907 908 924 925 935 1170 1171 1175 1176 1177 1179 1180 1181 1185 1186 1187 1189 1190 1191 1192 1194 1199 1201 1203 1204 1206 1207 1208 1212 1213 1216 1217 1218 1219 1222 1223 1227 1228 1260 1262 1266 1268 1270 1272 1276 1277 1278 1280 1282 1283 1285 1290 1292 1294 1295 1297 1298 1299 1303 1304 1307 1310 1313 1314 1318 1319 1666 1667 1669
65: 145 151 152 153 154 159 194 197 224 225 226 230 231 232 234 235 236 237 238 239 240 241 242 243 244 247 248 252 253 614 616 650 651 652 653 654 657 658 772 774 775 776 810 820 821 879 887 889 890 907 908 924 925 935 1170 1171 1175 1176 1177 1179 1180 1181 1185 1186 1187 1189 1190 1191 1192 1194 1199 1201 1203 1204 1206 1207 1208 1212 1213 1216 1217 1218 1219 1222 1223 1227 1228 1260 1262 1266 1268 1270 1272 1276 1277 1278 1280 1282 1283 1285 1290 1292 1294 1295 1297 1298 1299 1303 1304 1307 1310 1313 1314 1318 1319 1666 1667 1669
70: 145 151 152 153 154 159 194 197 224 225 226 230 231 232 234 235 236 237 238 239 240 241 242 243 244 247 248 252 253 614 616 650 651 652 653 654 657 658 772 774 775 776 810 820 821 879 887 889 890 907 908 924 925 935 1170 1171 1175 1176 1177 1179 1180 1181 1185 1186 1187 1189 1190 1191 1192 1194 1199 1201 1203 1204 1206 1207 1208 1212 1213 1216 1217 1218 1219 1222 1223 1227 1228 1260 1262 1266 1268 1270 1272 1276 1277 1278 1280 1282 1283 1285 1290 1292 1294 1295 1297 1298 1299 1303 1304 1307 1310 1313 1314 1318 1319 1666 1667 1669
75: 145 151 152 153 154 159 194 197 224 225 226 230 231 232 234 235 236 237 238 239 240 241 242 243 244 247 248 252 253 614 616 650 651 652 653 654 657 658 772 774 775 776 810 820 821 879 887 889 890 907 908 924 925 935 1170 1171 1175 1176 1177 1179 1180 1181 1185 1186 1187 1189 1190 1191 1192 1194 1199 1201 1203 1204 1206 1207 1208 1212 1213 1216 1217 1218 1219 1222 1223 1227 1228 1260 1262 1266 1268 1270 1272 1276 1277 1278 1280 1282 1283 1285 1290 1292 1294 1295 1297 1298 1299 1303 1304 1307 1310 1313 1314 1318 1319 1666 1667 1669
80: 145 151 152 153 154 159 194 197 224 225 226 230 231 232 234 235 236 237 238 239 240 241 242 243 244 247 248 252 253 614 616 650 651 652 653 654 657 658 772 774 775 776 810 820 821 879 887 889 890 907 908 924 925 935 1170 1171 1175 1176 1177 1179 1180 1181 1185 1186 1187 1189 1190 1191 1192 1194 1199 1201 1203 1204 1206 1207 1208 1212 1213 1216 1217 1218 1219 1222 1223 1227 1228 1260 1262 1266 1268 1270 1272 1276 1277 1278 1280 1282 1283 1285 1290 1292 1294 1295 1297 1298 1299 1303 1304 1307 1310 1313 1314 1318 1319 1666 1667 1669
85: 145 151 152 153 154 159 194 197 224 225 226 230 231 232 234 235 236 237 238 239 240 241 242 243 244 247 248 252 253 614 616 650 651 652 653 654 657 658 772 774 775 776 810 820 821 879 887 889 890 907 908 924 925 935 1170 1171 1175 1176 1177 1179 1180 1181 1185 1186 1187 1189 1190 1191 1192 1194 1199 1201 1203 1204 1206 1207 1208 1212 1213 1216 1217 1218 1219 1222 1223 1227 1228 1260 1262 1266 1268 1270 1272 1276 1277 1278 1280 1282 1283 1285 1290 1292 1294 1295 1297 1298 1299 1303 1304 1307 1310 1313 1314 1318 1319 1666 1667 1669
90: 145 151 152 153 154 159 194 197 224 225 226 230 231 232 234 235 236 237 238 239 240 241 242 243 244 247 248 252 253 614 616 650 651 652 653 654 657 658 772 774 775 776 810 820 821 879 887 889 890 907 908 924 925 935 1170 1171 1175 1176 1177 1179 1180 1181 1185 1186 1187 1189 1190 1191 1192 1194 1199 1201 1203 1204 1206 1207 1208 1212 1213 1216 1217 1218 1219 1222 1223 1227 1228 1260 1262 1266 1268 1270 1272 1276 1277 1278 1280 1282 1283 1285 1290 1292 1294 1295 1297 1298 1299 1303 1304 1307 1310 1313 1314 1318 1319 1666 1667 1669
95: 145 151 152 153 154 159 194 197 224 225 226 230 231 232 234 235 236 237 238 239 240 241 242 243 244 247 248 252 253 614 616 650 651 652 653 654 657 658 772 774 775 776 810 820 821 879 887 889 890 907 908 924 925 935 1170 1171 1175 1176 1177 1179 1180 1181 1185 1186 1187 1189 1190 1191 1192 1194 1199 1201 1203 1204 1206 1207 1208 1212 1213 1216 1217 1218 1219 1222 1223 1227 1228 1260 1262 1266 1268 1270 1272 1276 1277 1278 1280 1282 1283 1285 1290 1292 1294 1295 1297 1298 1299 1303 1304 1307 1310 1313 1314 1318 1319 1666 1667 1669
100: 145 151 152 153 154 159 194 197 224 225 226 230 231 232 234 235 236 237 238 239 240 241 242 243 244 247 248 252 253 614 616 650 651 652 653 654 657 658 772 774 775 776 810 820 821 879 887 889 890 907 908 924 925 935 1170 1171 1175 1176 1177 1179 1180 1181 1185 1186 1187 1189 1190 1191 1192 1194 1199 1201 1203 1204 1206 1207 1208 1212 1213 1216 1217 1218 1219 1222 1223 1227 1228 1260 1262 1266 1268 1270 1272 1276 1277 1278 1280 1282 1283 1285 1290 1292 1294 1295 1297 1298 1299 1303 1304 1307 1310 1313 1314 1318 1319 1666 1667 1669
