5: 151 152 153 154 159 194 230 231 232 234 235 236 247 924 925 1179 1180 1266 1268 1290 1291 1292 1294 1295 1297 1298 1299 1303 1304
10: 151 152 153 154 159 194 197 224 225 226 230 231 232 234 235 236 247 252 253 1171 1177 1179 1180 1181 1182 1183 1184 1185 1186 1187 1189 1190 1191 1192 1194 1227 1228 1266 1268 1290 1291 1292 1294 1295 1297 1298 1299 1303 1304
15: 151 152 153 154 159 194 197 224 225 226 230 231 232 234 235 236 247 252 253 924 925 1171 1177 1179 1180 1181 1182 1183 1184 1185 1186 1187 1189 1190 1191 1203 1206 1207 1266 1268 1290 1291 1292 1294 1295 1297 1298 1299 1303 1304
20: 151 152 153 154 159 194 224 225 226 230 231 232 234 235 236 247 248 252 924 925 1177 1179 1180 1181 1182 1183 1184 1185 1186 1187 1189 1190 1191 1192 1194 1203 1206 1207 1208 1216 1217 1218 1219 1223 1266 1268 1290 1291 1292 1294 1295 1297 1298 1299 1303 1304
25: 151 152 153 154 159 194 224 225 230 231 232 234 235 236 237 247 248 888 924 925 1177 1179 1180 1181 1182 1183 1184 1185 1186 1187 1189 1190 1191 1192 1194 1199 1203 1206 1207 1208 1212 1216 1217 1218 1219 1222 1223 1266 1268 1290 1291 1292 1294 1295 1297 1298 1299 1303 1304
30: 151 152 153 154 159 230 231 232 234 235 236 247 248 888 924 925 1177 1179 1180 1181 1182 1183 1184 1185 1186 1187 1189 1190 1191 1192 1194 1199 1200 1201 1203 1206 1207 1208 1212 1213 1216 1217 1218 1219 1223 1266 1268 1290 1291 1292 1294 1295 1297 1298 1299 1303 1304
35: 151 152 153 154 159 194 197 224 225 226 230 231 232 234 235 236 237 238 239 240 241 244 247 248 252 253 888 924 925 1171 1177 1179 1180 1181 1182 1183 1184 1185 1186 1187 1189 1190 1191 1192 1194 1199 1200 1201 1203 1204 1206 1207 1208 1212 1213 1216 1217 1218 1219 1222 1223 1227 1228 1266 1268 1290 1291 1292 1294 1295 1297 1298 1299 1303 1304
40: 151 152 153 154 159 194 197 224 225 226 230 231 232 234 235 236 237 238 239 240 241 242 243 244 247 248 252 253 888 889 924 925 1171 1176 1177 1179 1180 1181 1182 1183 1184 1185 1186 1187 1189 1190 1191 1192 1194 1199 1200 1201 1203 1204 1206 1207 1208 1212 1213 1216 1217 1218 1219 1222 1223 1227 1228 1266 1268 1290 1291 1292 1294 1295 1297 1298 1299 1303 1304
45: 151 152 153 154 159 194 197 224 225 226 230 231 232 234 235 236 237 238 239 240 241 242 243 244 247 248 252 253 888 889 924 925 1171 1176 1177 1179 1180 1181 1182 1183 1184 1185 1186 1187 1189 1190 1191 1192 1194 1199 1200 1201 1203 1204 1206 1207 1208 1212 1213 1216 1217 1218 1219 1222 1223 1227 1228 1266 1268 1290 1291 1292 1294 1295 1297 1298 1299 1303 1304
50: 151 152 153 154 159 194 197 224 225 226 230 231 232 234 235 236 237 238 239 240 241 242 243 244 247 248 252 253 888 889 924 925 1171 1176 1177 1179 1180 1181 1182 1183 1184 1185 1186 1187 1189 1190 1191 1192 1194 1199 1200 1201 1203 1204 1206 1207 1208 1212 1213 1216 1217 1218 1219 1222 1223 1227 1228 1266 1268 1290 1291 1292 1294 1295 1297 1298 1299 1303 1304
55: 151 152 153 154 159 194 197 224 225 226 230 231 232 234 235 236 237 238 239 240 241 242 243 244 247 248 252 253 888 889 924 925 1171 1176 1177 1179 1180 1181 1182 1183 1184 1185 1186 1187 1189 1190 1191 1192 1194 1199 1200 1201 1203 1204 1206 1207 1208 1212 1213 1216 1217 1218 1219 1222 1223 1227 1228 1266 1268 1290 1291 1292 1294 1295 1297 1298 1299 1303 1304
60: 151 152 153 154 159 194 197 224 225 226 230 231 232 234 235 236 237 238 239 240 241 242 243 244 247 248 252 253 888 889 924 925 1171 1176 1177 1179 1180 1181 1182 1183 1184 1185 1186 1187 1189 1190 1191 1192 1194 1199 1200 1201 1203 1204 1206 1207 1208 1212 1213 1216 1217 1218 1219 1222 1223 1227 1228 1266 1268 1290 1291 1292 1294 1295 1297 1298 1299 1303 1304
65: 151 152 153 154 159 194 197 224 225 226 230 231 232 234 235 236 237 238 239 240 241 242 243 244 247 248 252 253 888 889 924 925 1171 1176 1177 1179 1180 1181 1182 1183 1184 1185 1186 1187 1189 1190 1191 1192 1194 1199 1200 1201 1203 1204 1206 1207 1208 1212 1213 1216 1217 1218 1219 1222 1223 1227 1228 1266 1268 1290 1291 1292 1294 1295 1297 1298 1299 1303 1304
70: 151 152 153 154 159 194 197 224 225 226 230 231 232 234 235 236 237 238 239 240 241 242 243 244 247 248 252 253 888 889 924 925 1171 1176 1177 1179 1180 1181 1182 1183 1184 1185 1186 1187 1189 1190 1191 1192 1194 1199 1200 1201 1203 1204 1206 1207 1208 1212 1213 1216 1217 1218 1219 1222 1223 1227 1228 1266 1268 1290 1291 1292 1294 1295 1297 1298 1299 1303 1304
75: 151 152 153 154 159 194 197 224 225 226 230 231 232 234 235 236 237 238 239 240 241 242 243 244 247 248 252 253 888 889 924 925 1171 1176 1177 1179 1180 1181 1182 1183 1184 1185 1186 1187 1189 1190 1191 1192 1194 1199 1200 1201 1203 1204 1206 1207 1208 1212 1213 1216 1217 1218 1219 1222 1223 1227 1228 1266 1268 1290 1291 1292 1294 1295 1297 1298 1299 1303 1304
80: 151 152 153 154 159 194 197 224 225 226 230 231 232 234 235 236 237 238 239 240 241 242 243 244 247 248 252 253 888 889 924 925 1171 1176 1177 1179 1180 1181 1182 1183 1184 1185 1186 1187 1189 1190 1191 1192 1194 1199 1200 1201 1203 1204 1206 1207 1208 1212 1213 1216 1217 1218 1219 1222 1223 1227 1228 1266 1268 1290 1291 1292 1294 1295 1297 1298 1299 1303 1304
85: 151 152 153 154 159 194 197 224 225 226 230 231 232 234 235 236 237 238 239 240 241 242 243 244 247 248 252 253 888 889 924 925 1171 1176 1177 1179 1180 1181 1182 1183 1184 1185 1186 1187 1189 1190 1191 1192 1194 1199 1200 1201 1203 1204 1206 1207 1208 1212 1213 1216 1217 1218 1219 1222 1223 1227 1228 1266 1268 1290 1291 1292 1294 1295 1297 1298 1299 1303 1304
90: 151 152 153 154 159 194 197 224 225 226 230 231 232 234 235 236 237 238 239 240 241 242 243 244 247 248 252 253 888 889 924 925 1171 1176 1177 1179 1180 1181 1182 1183 1184 1185 1186 1187 1189 1190 1191 1192 1194 1199 1200 1201 1203 1204 1206 1207 1208 1212 1213 1216 1217 1218 1219 1222 1223 1227 1228 1266 1268 1290 1291 1292 1294 1295 1297 1298 1299 1303 1304
95: 151 152 153 154 159 194 197 224 225 226 230 231 232 234 235 236 237 238 239 240 241 242 243 244 247 248 252 253 888 889 924 925 1171 1176 1177 1179 1180 1181 1182 1183 1184 1185 1186 1187 1189 1190 1191 1192 1194 1199 1200 1201 1203 1204 1206 1207 1208 1212 1213 1216 1217 1218 1219 1222 1223 1227 1228 1266 1268 1290 1291 1292 1294 1295 1297 1298 1299 1303 1304
100: 151 152 153 154 159 194 197 224 225 226 230 231 232 234 235 236 237 238 239 240 241 242 243 244 247 248 252 253 888 889 924 925 1171 1176 1177 1179 1180 1181 1182 1183 1184 1185 1186 1187 1189 1190 1191 1192 1194 1199 1200 1201 1203 1204 1206 1207 1208 1212 1213 1216 1217 1218 1219 1222 1223 1227 1228 1266 1268 1290 1291 1292 1294 1295 1297 1298 1299 1303 1304
