5: 151 152 153 154 159 194 224 230 231 232 234 235 236 247 248 887 924 925 1266 1268 1290 1292 1294 1295 1297 1298 1299 1303 1304
10: 151 152 153 154 224 230 231 232 234 235 236 247 248 887 924 925 1179 1181 1187 1189 1206 1216 1219 1222 1223 1266 1268 1290 1292 1294 1295 1297 1298 1299 1303 1304
15: 151 152 153 154 159 194 197 224 225 226 230 231 232 234 235 236 247 248 252 253 887 924 925 1171 1175 1177 1179 1181 1187 1189 1201 1206 1212 1216 1219 1222 1223 1266 1268 1290 1292 1294 1295 1297 1298 1299 1303 1304
20: 151 152 153 154 159 194 224 225 226 230 231 232 234 235 236 237 238 247 248 252 253 887 907 924 925 1171 1175 1177 1179 1181 1187 1189 1199 1201 1206 1212 1213 1216 1219 1222 1223 1266 1268 1297
25: 151 152 153 154 159 194 224 225 226 230 231 232 234 235 236 237 238 244 247 248 304 887 907 908 924 925 1175 1177 1179 1181 1185 1187 1189 1199 1201 1203 1204 1206 1212 1213 1216 1219 1222 1223 1266 1268 1290 1292 1294 1295 1297 1298 1299 1303 1304
30: 151 152 153 154 159 194 197 224 225 226 230 231 232 234 235 236 237 238 239 240 241 242 243 244 247 248 252 253 303 304 637 887 907 908 924 925 934 935 1169 1171 1175 1177 1179 1181 1185 1186 1187 1189 1194 1199 1201 1203 1204 1206 1212 1213 1216 1219 1222 1223 1227 1228 1266 1268 1290 1292 1294 1295 1297 1298 1299 1303 1304
35: 151 152 153 154 159 194 197 224 225 226 230 231 232 234 235 236 237 238 239 240 241 242 243 244 247 248 252 253 303 304 306 637 887 903 907 908 924 925 930 934 935 1169 1171 1175 1176 1177 1179 1181 1185 1186 1187 1189 1194 1199 1201 1203 1204 1206 1212 1213 1216 1219 1222 1223 1227 1228 1266 1268 1290 1292 1294 1295 1297 1298 1299 1303 1304
40: 151 152 153 154 159 194 197 224 225 226 230 231 232 234 235 236 237 238 239 240 241 242 243 244 247 248 252 253 303 304 306 637 887 903 907 908 924 925 930 934 935 1169 1171 1175 1176 1177 1179 1181 1185 1186 1187 1189 1194 1199 1201 1203 1204 1206 1212 1213 1216 1219 1222 1223 1227 1228 1266 1268 1290 1292 1294 1295 1297 1298 1299 1303 1304
45: 151 152 153 154 159 194 197 224 225 226 230 231 232 234 235 236 237 238 239 240 241 242 243 244 247 248 252 253 303 304 306 637 887 903 907 908 924 925 930 934 935 1169 1171 1175 1176 1177 1179 1181 1185 1186 1187 1189 1194 1199 1201 1203 1204 1206 1212 1213 1216 1219 1222 1223 1227 1228 1266 1268 1290 1292 1294 1295 1297 1298 1299 1303 1304
50: 151 152 153 154 159 194 197 224 225 226 230 231 232 234 235 236 237 238 239 240 241 242 243 244 247 248 252 253 303 304 306 637 887 903 907 908 924 925 930 934 935 1169 1171 1175 1176 1177 1179 1181 1185 1186 1187 1189 1194 1199 1201 1203 1204 1206 1212 1213 1216 1219 1222 1223 1227 1228 1266 1268 1290 1292 1294 1295 1297 1298 1299 1303 1304
55: 151 152 153 154 159 194 197 224 225 226 230 231 232 234 235 236 237 238 239 240 241 242 243 244 247 248 252 253 303 304 306 637 887 903 907 908 924 925 930 934 935 1169 1171 1175 1176 1177 1179 1181 1185 1186 1187 1189 1194 1199 1201 1203 1204 1206 1212 1213 1216 1219 1222 1223 1227 1228 1266 1268 1290 1292 1294 1295 1297 1298 1299 1303 1304
60: 151 152 153 154 159 194 197 224 225 226 230 231 232 234 235 236 237 238 239 240 241 242 243 244 247 248 252 253 303 304 306 637 887 903 907 908 924 925 930 934 935 1169 1171 1175 1176 1177 1179 1181 1185 1186 1187 1189 1194 1199 1201 1203 1204 1206 1212 1213 1216 1219 1222 1223 1227 1228 1266 1268 1290 1292 1294 1295 1297 1298 1299 1303 1304
65: 151 152 153 154 159 194 197 224 225 226 230 231 232 234 235 236 237 238 239 240 241 242 243 244 247 248 252 253 303 304 306 637 887 903 907 908 924 925 930 934 935 1169 1171 1175 1176 1177 1179 1181 1185 1186 1187 1189 1194 1199 1201 1203 1204 1206 1212 1213 1216 1219 1222 1223 1227 1228 1266 1268 1290 1292 1294 1295 1297 1298 1299 1303 1304
70: 151 152 153 154 159 194 197 224 225 226 230 231 232 234 235 236 237 238 239 240 241 242 243 244 247 248 252 253 303 304 306 637 887 903 907 908 924 925 930 934 935 1169 1171 1175 1176 1177 1179 1181 1185 1186 1187 1189 1194 1199 1201 1203 1204 1206 1212 1213 1216 1219 1222 1223 1227 1228 1266 1268 1290 1292 1294 1295 1297 1298 1299 1303 1304
75: 151 152 153 154 159 194 197 224 225 226 230 231 232 234 235 236 237 238 239 240 241 242 243 244 247 248 252 253 303 304 306 637 887 903 907 908 924 925 930 934 935 1169 1171 1175 1176 1177 1179 1181 1185 1186 1187 1189 1194 1199 1201 1203 1204 1206 1212 1213 1216 1219 1222 1223 1227 1228 1266 1268 1290 1292 1294 1295 1297 1298 1299 1303 1304
80: 151 152 153 154 159 194 197 224 225 226 230 231 232 234 235 236 237 238 239 240 241 242 243 244 247 248 252 253 303 304 306 637 887 903 907 908 924 925 930 934 935 1169 1171 1175 1176 1177 1179 1181 1185 1186 1187 1189 1194 1199 1201 1203 1204 1206 1212 1213 1216 1219 1222 1223 1227 1228 1266 1268 1290 1292 1294 1295 1297 1298 1299 1303 1304
85: 151 152 153 154 159 194 197 224 225 226 230 231 232 234 235 236 237 238 239 240 241 242 243 244 247 248 252 253 303 304 306 637 887 903 907 908 924 925 930 934 935 1169 1171 1175 1176 1177 1179 1181 1185 1186 1187 1189 1194 1199 1201 1203 1204 1206 1212 1213 1216 1219 1222 1223 1227 1228 1266 1268 1290 1292 1294 1295 1297 1298 1299 1303 1304
90: 151 152 153 154 159 194 197 224 225 226 230 231 232 234 235 236 237 238 239 240 241 242 243 244 247 248 252 253 303 304 306 637 887 903 907 908 924 925 930 934 935 1169 1171 1175 1176 1177 1179 1181 1185 1186 1187 1189 1194 1199 1201 1203 1204 1206 1212 1213 1216 1219 1222 1223 1227 1228 1266 1268 1290 1292 1294 1295 1297 1298 1299 1303 1304
95: 151 152 153 154 159 194 197 224 225 226 230 231 232 234 235 236 237 238 239 240 241 242 243 244 247 248 252 253 303 304 306 637 887 903 907 908 924 925 930 934 935 1169 1171 1175 1176 1177 1179 1181 1185 1186 1187 1189 1194 1199 1201 1203 1204 1206 1212 1213 1216 1219 1222 1223 1227 1228 1266 1268 1290 1292 1294 1295 1297 1298 1299 1303 1304
100: 151 152 153 154 159 194 197 224 225 226 230 231 232 234 235 236 237 238 239 240 241 242 243 244 247 248 252 253 303 304 306 637 887 903 907 908 924 925 930 934 935 1169 1171 1175 1176 1177 1179 1181 1185 1186 1187 1189 1194 1199 1201 1203 1204 1206 1212 1213 1216 1219 1222 1223 1227 1228 1266 1268 1290 1292 1294 1295 1297 1298 1299 1303 1304
