5: 151 152 153 154 159 194 224 225 226 230 231 232 234 235 236 614 616 877 879 887 888 890 924 925 1260 1262 1266 1268 1270 1271 1276 1277 1278 1280 1281 1282 1283 1285 1290 1292 1294 1295 1297 1298 1299 1303 1304 1307 1308 1309 1310 1313 1314
10: 151 152 153 154 159 224 230 231 232 234 235 236 247 614 616 877 879 887 888 890 924 925 1179 1180 1181 1184 1185 1186 1187 1206 1260 1262 1266 1268 1270 1271 1276 1277 1278 1280 1281 1282 1283 1285 1290 1292 1294 1295 1297 1298 1299 1303 1304 1307 1308 1309 1310 1313 1314
15: 151 152 153 230 231 232 234 235 236 247 248 614 616 877 879 887 888 889 890 924 925 1175 1177 1179 1180 1181 1184 1185 1186 1187 1189 1190 1206 1207 1216 1219 1260 1262 1266 1268 1270 1271 1276 1277 1278 1280 1281 1282 1283 1285 1290 1292 1294 1295 1297 1298 1299 1303 1304 1307 1308 1309 1310 1313 1314
20: 151 152 153 154 159 194 197 224 225 226 230 231 232 234 235 236 247 248 252 253 614 887 888 889 890 924 925 1171 1175 1177 1179 1180 1181 1183 1184 1185 1186 1187 1189 1190 1191 1192 1199 1206 1207 1216 1218 1219 1222 1223 1260 1262 1266 1268 1270 1271 1276 1277 1278 1280 1281 1282 1283 1285 1297 1298 1308 1309 1310 1313 1314
25: 151 152 153 154 159 194 224 225 226 230 231 232 234 235 236 247 248 252 614 616 877 879 887 888 889 890 924 925 1175 1177 1179 1180 1181 1183 1184 1185 1186 1187 1189 1190 1191 1192 1199 1201 1206 1207 1212 1213 1216 1218 1219 1223 1260 1262 1266 1268 1270 1271 1276 1277 1278 1280 1281 1282 1283 1285 1290 1292 1294 1295 1297 1298 1299 1303 1304 1307 1308 1309 1310 1313 1314
30: 151 152 153 154 159 194 230 231 232 234 235 236 237 239 247 248 614 616 877 879 887 888 889 890 924 925 1175 1177 1179 1180 1181 1183 1184 1185 1186 1187 1189 1190 1191 1192 1199 1201 1203 1206 1207 1208 1212 1213 1216 1217 1218 1219 1222 1223 1260 1262 1266 1268 1270 1271 1276 1277 1278 1280 1281 1282 1283 1285 1290 1292 1294 1295 1297 1298 1299 1303 1304 1307 1308 1309 1310 1313 1314
35: 151 152 153 154 159 194 197 224 225 226 230 231 232 234 235 236 237 238 239 240 241 243 244 247 248 252 253 614 616 877 879 887 888 889 890 924 925 931 1171 1175 1177 1179 1180 1181 1183 1184 1185 1186 1187 1189 1190 1191 1192 1194 1199 1201 1203 1204 1206 1207 1208 1212 1213 1216 1217 1218 1219 1222 1223 1227 1228 1260 1262 1266 1268 1270 1271 1276 1277 1278 1280 1281 1282 1283 1285 1290 1292 1294 1295 1297 1298 1299 1303 1304 1307 1308 1309 1310 1313 1314 1666
40: 151 152 153 154 159 194 197 224 225 226 230 231 232 234 235 236 237 238 239 240 241 242 243 244 247 248 252 253 614 616 877 879 887 888 889 890 904 905 906 924 925 931 933 1171 1175 1176 1177 1179 1180 1181 1183 1184 1185 1186 1187 1189 1190 1191 1192 1194 1199 1201 1203 1204 1206 1207 1208 1212 1213 1216 1217 1218 1219 1222 1223 1227 1228 1260 1262 1266 1268 1270 1271 1276 1277 1278 1280 1281 1282 1283 1285 1290 1292 1294 1295 1297 1298 1299 1303 1304 1307 1308 1309 1310 1313 1314 1666
45: 151 152 153 154 159 194 197 224 225 226 230 231 232 234 235 236 237 238 239 240 241 242 243 244 247 248 252 253 614 616 877 879 887 888 889 890 904 905 906 924 925 931 933 1171 1175 1176 1177 1179 1180 1181 1183 1184 1185 1186 1187 1189 1190 1191 1192 1194 1199 1201 1203 1204 1206 1207 1208 1212 1213 1216 1217 1218 1219 1222 1223 1227 1228 1260 1262 1266 1268 1270 1271 1276 1277 1278 1280 1281 1282 1283 1285 1290 1292 1294 1295 1297 1298 1299 1303 1304 1307 1308 1309 1310 1313 1314 1666
50: 151 152 153 154 159 194 197 224 225 226 230 231 232 234 235 236 237 238 239 240 241 242 243 244 247 248 252 253 614 616 877 879 887 888 889 890 904 905 906 924 925 931 933 1171 1175 1176 1177 1179 1180 1181 1183 1184 1185 1186 1187 1189 1190 1191 1192 1194 1199 1201 1203 1204 1206 1207 1208 1212 1213 1216 1217 1218 1219 1222 1223 1227 1228 1260 1262 1266 1268 1270 1271 1276 1277 1278 1280 1281 1282 1283 1285 1290 1292 1294 1295 1297 1298 1299 1303 1304 1307 1308 1309 1310 1313 1314 1666
55: 151 152 153 154 159 194 197 224 225 226 230 231 232 234 235 236 237 238 239 240 241 242 243 244 247 248 252 253 614 616 877 879 887 888 889 890 904 905 906 924 925 931 933 1171 1175 1176 1177 1179 1180 1181 1183 1184 1185 1186 1187 1189 1190 1191 1192 1194 1199 1201 1203 1204 1206 1207 1208 1212 1213 1216 1217 1218 1219 1222 1223 1227 1228 1260 1262 1266 1268 1270 1271 1276 1277 1278 1280 1281 1282 1283 1285 1290 1292 1294 1295 1297 1298 1299 1303 1304 1307 1308 1309 1310 1313 1314 1666
60: 151 152 153 154 159 194 197 224 225 226 230 231 232 234 235 236 237 238 239 240 241 242 243 244 247 248 252 253 614 616 877 879 887 888 889 890 904 905 906 924 925 931 933 1171 1175 1176 1177 1179 1180 1181 1183 1184 1185 1186 1187 1189 1190 1191 1192 1194 1199 1201 1203 1204 1206 1207 1208 1212 1213 1216 1217 1218 1219 1222 1223 1227 1228 1260 1262 1266 1268 1270 1271 1276 1277 1278 1280 1281 1282 1283 1285 1290 1292 1294 1295 1297 1298 1299 1303 1304 1307 1308 1309 1310 1313 1314 1666
65: 151 152 153 154 159 194 197 224 225 226 230 231 232 234 235 236 237 238 239 240 241 242 243 244 247 248 252 253 614 616 877 879 887 888 889 890 904 905 906 924 925 931 933 1171 1175 1176 1177 1179 1180 1181 1183 1184 1185 1186 1187 1189 1190 1191 1192 1194 1199 1201 1203 1204 1206 1207 1208 1212 1213 1216 1217 1218 1219 1222 1223 1227 1228 1260 1262 1266 1268 1270 1271 1276 1277 1278 1280 1281 1282 1283 1285 1290 1292 1294 1295 1297 1298 1299 1303 1304 1307 1308 1309 1310 1313 1314 1666
70: 151 152 153 154 159 194 197 224 225 226 230 231 232 234 235 236 237 238 239 240 241 242 243 244 247 248 252 253 614 616 877 879 887 888 889 890 904 905 906 924 925 931 933 1171 1175 1176 1177 1179 1180 1181 1183 1184 1185 1186 1187 1189 1190 1191 1192 1194 1199 1201 1203 1204 1206 1207 1208 1212 1213 1216 1217 1218 1219 1222 1223 1227 1228 1260 1262 1266 1268 1270 1271 1276 1277 1278 1280 1281 1282 1283 1285 1290 1292 1294 1295 1297 1298 1299 1303 1304 1307 1308 1309 1310 1313 1314 1666
75: 151 152 153 154 159 194 197 224 225 226 230 231 232 234 235 236 237 238 239 240 241 242 243 244 247 248 252 253 614 616 877 879 887 888 889 890 904 905 906 924 925 931 933 1171 1175 1176 1177 1179 1180 1181 1183 1184 1185 1186 1187 1189 1190 1191 1192 1194 1199 1201 1203 1204 1206 1207 1208 1212 1213 1216 1217 1218 1219 1222 1223 1227 1228 1260 1262 1266 1268 1270 1271 1276 1277 1278 1280 1281 1282 1283 1285 1290 1292 1294 1295 1297 1298 1299 1303 1304 1307 1308 1309 1310 1313 1314 1666
80: 151 152 153 154 159 194 197 224 225 226 230 231 232 234 235 236 237 238 239 240 241 242 243 244 247 248 252 253 614 616 877 879 887 888 889 890 904 905 906 924 925 931 933 1171 1175 1176 1177 1179 1180 1181 1183 1184 1185 1186 1187 1189 1190 1191 1192 1194 1199 1201 1203 1204 1206 1207 1208 1212 1213 1216 1217 1218 1219 1222 1223 1227 1228 1260 1262 1266 1268 1270 1271 1276 1277 1278 1280 1281 1282 1283 1285 1290 1292 1294 1295 1297 1298 1299 1303 1304 1307 1308 1309 1310 1313 1314 1666
85: 151 152 153 154 159 194 197 224 225 226 230 231 232 234 235 236 237 238 239 240 241 242 243 244 247 248 252 253 614 616 877 879 887 888 889 890 904 905 906 924 925 931 933 1171 1175 1176 1177 1179 1180 1181 1183 1184 1185 1186 1187 1189 1190 1191 1192 1194 1199 1201 1203 1204 1206 1207 1208 1212 1213 1216 1217 1218 1219 1222 1223 1227 1228 1260 1262 1266 1268 1270 1271 1276 1277 1278 1280 1281 1282 1283 1285 1290 1292 1294 1295 1297 1298 1299 1303 1304 1307 1308 1309 1310 1313 1314 1666
90: 151 152 153 154 159 194 197 224 225 226 230 231 232 234 235 236 237 238 239 240 241 242 243 244 247 248 252 253 614 616 877 879 887 888 889 890 904 905 906 924 925 931 933 1171 1175 1176 1177 1179 1180 1181 1183 1184 1185 1186 1187 1189 1190 1191 1192 1194 1199 1201 1203 1204 1206 1207 1208 1212 1213 1216 1217 1218 1219 1222 1223 1227 1228 1260 1262 1266 1268 1270 1271 1276 1277 1278 1280 1281 1282 1283 1285 1290 1292 1294 1295 1297 1298 1299 1303 1304 1307 1308 1309 1310 1313 1314 1666
95: 151 152 153 154 159 194 197 224 225 226 230 231 232 234 235 236 237 238 239 240 241 242 243 244 247 248 252 253 614 616 877 879 887 888 889 890 904 905 906 924 925 931 933 1171 1175 1176 1177 1179 1180 1181 1183 1184 1185 1186 1187 1189 1190 1191 1192 1194 1199 1201 1203 1204 1206 1207 1208 1212 1213 1216 1217 1218 1219 1222 1223 1227 1228 1260 1262 1266 1268 1270 1271 1276 1277 1278 1280 1281 1282 1283 1285 1290 1292 1294 1295 1297 1298 1299 1303 1304 1307 1308 1309 1310 1313 1314 1666
100: 151 152 153 154 159 194 197 224 225 226 230 231 232 234 235 236 237 238 239 240 241 242 243 244 247 248 252 253 614 616 877 879 887 888 889 890 904 905 906 924 925 931 933 1171 1175 1176 1177 1179 1180 1181 1183 1184 1185 1186 1187 1189 1190 1191 1192 1194 1199 1201 1203 1204 1206 1207 1208 1212 1213 1216 1217 1218 1219 1222 1223 1227 1228 1260 1262 1266 1268 1270 1271 1276 1277 1278 1280 1281 1282 1283 1285 1290 1292 1294 1295 1297 1298 1299 1303 1304 1307 1308 1309 1310 1313 1314 1666
