5: 151 152 153 154 159 194 230 231 232 234 235 236 247 924 925 1179 1180 1290 1292
10: 151 152 153 154 159 194 197 224 225 226 230 231 232 234 235 236 247 252 253 924 1171 1175 1177 1179 1180 1181 1182 1183 1184 1185 1186 1187 1189 1190 1191 1227 1228 1290 1292
15: 151 152 153 154 159 194 197 224 225 226 230 231 232 234 235 236 247 252 253 924 925 1171 1175 1179 1180 1181 1182 1183 1184 1185 1186 1187 1189 1190 1191 1203 1206 1207 1290 1292
20: 151 152 153 154 159 194 224 225 226 230 231 232 234 235 236 247 248 888 924 925 1175 1176 1177 1179 1180 1181 1182 1183 1184 1185 1186 1187 1189 1190 1191 1192 1194 1203 1206 1207 1216 1217 1218 1219 1222 1223 1290 1292
25: 151 152 153 154 159 194 224 225 230 231 232 234 235 236 237 247 248 888 889 890 924 925 1175 1176 1177 1179 1180 1181 1182 1183 1184 1185 1186 1187 1189 1190 1191 1192 1194 1201 1203 1206 1207 1208 1216 1217 1218 1219 1222 1223 1290 1292
30: 151 152 153 154 159 194 197 224 225 226 230 231 232 234 235 236 247 248 252 253 888 890 924 925 1171 1175 1176 1177 1179 1180 1181 1182 1183 1184 1185 1186 1187 1189 1190 1191 1192 1194 1199 1201 1203 1204 1206 1207 1208 1212 1216 1217 1218 1219 1222 1223 1227 1228 1290 1292
35: 151 152 153 154 159 194 197 224 225 226 230 231 232 234 235 236 237 238 239 240 242 243 247 248 252 253 887 888 889 890 924 925 1171 1175 1176 1177 1179 1180 1181 1182 1183 1184 1185 1186 1187 1189 1190 1191 1192 1194 1199 1201 1203 1204 1206 1207 1208 1212 1213 1216 1217 1218 1219 1222 1223 1227 1228 1290 1292
40: 151 152 153 154 159 194 197 224 225 226 230 231 232 234 235 236 237 238 239 240 241 242 243 244 247 248 252 253 887 888 889 890 924 925 1171 1175 1176 1177 1179 1180 1181 1182 1183 1184 1185 1186 1187 1189 1190 1191 1192 1194 1199 1201 1203 1204 1206 1207 1208 1212 1213 1216 1217 1218 1219 1222 1223 1227 1228 1290 1292
45: 151 152 153 154 159 194 197 224 225 226 230 231 232 234 235 236 237 238 239 240 241 242 243 244 247 248 252 253 887 888 889 890 924 925 1171 1175 1176 1177 1179 1180 1181 1182 1183 1184 1185 1186 1187 1189 1190 1191 1192 1194 1199 1201 1203 1204 1206 1207 1208 1212 1213 1216 1217 1218 1219 1222 1223 1227 1228 1290 1292
50: 151 152 153 154 159 194 197 224 225 226 230 231 232 234 235 236 237 238 239 240 241 242 243 244 247 248 252 253 887 888 889 890 924 925 1171 1175 1176 1177 1179 1180 1181 1182 1183 1184 1185 1186 1187 1189 1190 1191 1192 1194 1199 1201 1203 1204 1206 1207 1208 1212 1213 1216 1217 1218 1219 1222 1223 1227 1228 1290 1292
55: 151 152 153 154 159 194 197 224 225 226 230 231 232 234 235 236 237 238 239 240 241 242 243 244 247 248 252 253 887 888 889 890 924 925 1171 1175 1176 1177 1179 1180 1181 1182 1183 1184 1185 1186 1187 1189 1190 1191 1192 1194 1199 1201 1203 1204 1206 1207 1208 1212 1213 1216 1217 1218 1219 1222 1223 1227 1228 1290 1292
60: 151 152 153 154 159 194 197 224 225 226 230 231 232 234 235 236 237 238 239 240 241 242 243 244 247 248 252 253 887 888 889 890 924 925 1171 1175 1176 1177 1179 1180 1181 1182 1183 1184 1185 1186 1187 1189 1190 1191 1192 1194 1199 1201 1203 1204 1206 1207 1208 1212 1213 1216 1217 1218 1219 1222 1223 1227 1228 1290 1292
65: 151 152 153 154 159 194 197 224 225 226 230 231 232 234 235 236 237 238 239 240 241 242 243 244 247 248 252 253 887 888 889 890 924 925 1171 1175 1176 1177 1179 1180 1181 1182 1183 1184 1185 1186 1187 1189 1190 1191 1192 1194 1199 1201 1203 1204 1206 1207 1208 1212 1213 1216 1217 1218 1219 1222 1223 1227 1228 1290 1292
70: 151 152 153 154 159 194 197 224 225 226 230 231 232 234 235 236 237 238 239 240 241 242 243 244 247 248 252 253 887 888 889 890 924 925 1171 1175 1176 1177 1179 1180 1181 1182 1183 1184 1185 1186 1187 1189 1190 1191 1192 1194 1199 1201 1203 1204 1206 1207 1208 1212 1213 1216 1217 1218 1219 1222 1223 1227 1228 1290 1292
75: 151 152 153 154 159 194 197 224 225 226 230 231 232 234 235 236 237 238 239 240 241 242 243 244 247 248 252 253 887 888 889 890 924 925 1171 1175 1176 1177 1179 1180 1181 1182 1183 1184 1185 1186 1187 1189 1190 1191 1192 1194 1199 1201 1203 1204 1206 1207 1208 1212 1213 1216 1217 1218 1219 1222 1223 1227 1228 1290 1292
80: 151 152 153 154 159 194 197 224 225 226 230 231 232 234 235 236 237 238 239 240 241 242 243 244 247 248 252 253 887 888 889 890 924 925 1171 1175 1176 1177 1179 1180 1181 1182 1183 1184 1185 1186 1187 1189 1190 1191 1192 1194 1199 1201 1203 1204 1206 1207 1208 1212 1213 1216 1217 1218 1219 1222 1223 1227 1228 1290 1292
85: 151 152 153 154 159 194 197 224 225 226 230 231 232 234 235 236 237 238 239 240 241 242 243 244 247 248 252 253 887 888 889 890 924 925 1171 1175 1176 1177 1179 1180 1181 1182 1183 1184 1185 1186 1187 1189 1190 1191 1192 1194 1199 1201 1203 1204 1206 1207 1208 1212 1213 1216 1217 1218 1219 1222 1223 1227 1228 1290 1292
90: 151 152 153 154 159 194 197 224 225 226 230 231 232 234 235 236 237 238 239 240 241 242 243 244 247 248 252 253 887 888 889 890 924 925 1171 1175 1176 1177 1179 1180 1181 1182 1183 1184 1185 1186 1187 1189 1190 1191 1192 1194 1199 1201 1203 1204 1206 1207 1208 1212 1213 1216 1217 1218 1219 1222 1223 1227 1228 1290 1292
95: 151 152 153 154 159 194 197 224 225 226 230 231 232 234 235 236 237 238 239 240 241 242 243 244 247 248 252 253 887 888 889 890 924 925 1171 1175 1176 1177 1179 1180 1181 1182 1183 1184 1185 1186 1187 1189 1190 1191 1192 1194 1199 1201 1203 1204 1206 1207 1208 1212 1213 1216 1217 1218 1219 1222 1223 1227 1228 1290 1292
100: 151 152 153 154 159 194 197 224 225 226 230 231 232 234 235 236 237 238 239 240 241 242 243 244 247 248 252 253 887 888 889 890 924 925 1171 1175 1176 1177 1179 1180 1181 1182 1183 1184 1185 1186 1187 1189 1190 1191 1192 1194 1199 1201 1203 1204 1206 1207 1208 1212 1213 1216 1217 1218 1219 1222 1223 1227 1228 1290 1292
