5: 151 152 153 154 159 224 230 231 232 234 235 236 247 924 925 1176 1187
10: 151 152 153 154 159 194 197 224 225 226 230 231 232 234 235 236 247 248 252 253 924 925 1170 1171 1176 1177 1187 1201 1206
15: 151 152 153 154 159 194 197 224 225 226 230 231 232 234 235 236 237 239 240 242 244 247 248 252 253 640 641 924 925 1170 1171 1176 1177 1187 1200 1201 1206
20: 151 152 153 154 159 194 197 224 225 226 230 231 232 234 235 236 237 238 239 240 241 242 243 244 247 248 252 253 640 641 924 925 1170 1171 1175 1176 1177 1187 1200 1201 1206
25: 151 152 153 154 159 194 197 224 225 226 230 231 232 234 235 236 237 238 239 240 241 242 243 244 247 248 252 253 640 641 924 925 1170 1171 1175 1176 1177 1187 1200 1201 1206
30: 151 152 153 154 159 194 197 224 225 226 230 231 232 234 235 236 237 238 239 240 241 242 243 244 247 248 252 253 640 641 924 925 1170 1171 1175 1176 1177 1187 1200 1201 1206
35: 151 152 153 154 159 194 197 224 225 226 230 231 232 234 235 236 237 238 239 240 241 242 243 244 247 248 252 253 640 641 924 925 1170 1171 1175 1176 1177 1187 1200 1201 1206
40: 151 152 153 154 159 194 197 224 225 226 230 231 232 234 235 236 237 238 239 240 241 242 243 244 247 248 252 253 640 641 924 925 1170 1171 1175 1176 1177 1187 1200 1201 1206
45: 151 152 153 154 159 194 197 224 225 226 230 231 232 234 235 236 237 238 239 240 241 242 243 244 247 248 252 253 640 641 924 925 1170 1171 1175 1176 1177 1187 1200 1201 1206
50: 151 152 153 154 159 194 197 224 225 226 230 231 232 234 235 236 237 238 239 240 241 242 243 244 247 248 252 253 640 641 924 925 1170 1171 1175 1176 1177 1187 1200 1201 1206
55: 151 152 153 154 159 194 197 224 225 226 230 231 232 234 235 236 237 238 239 240 241 242 243 244 247 248 252 253 640 641 924 925 1170 1171 1175 1176 1177 1187 1200 1201 1206
60: 151 152 153 154 159 194 197 224 225 226 230 231 232 234 235 236 237 238 239 240 241 242 243 244 247 248 252 253 640 641 924 925 1170 1171 1175 1176 1177 1187 1200 1201 1206
65: 151 152 153 154 159 194 197 224 225 226 230 231 232 234 235 236 237 238 239 240 241 242 243 244 247 248 252 253 640 641 924 925 1170 1171 1175 1176 1177 1187 1200 1201 1206
70: 151 152 153 154 159 194 197 224 225 226 230 231 232 234 235 236 237 238 239 240 241 242 243 244 247 248 252 253 640 641 924 925 1170 1171 1175 1176 1177 1187 1200 1201 1206
75: 151 152 153 154 159 194 197 224 225 226 230 231 232 234 235 236 237 238 239 240 241 242 243 244 247 248 252 253 640 641 924 925 1170 1171 1175 1176 1177 1187 1200 1201 1206
80: 151 152 153 154 159 194 197 224 225 226 230 231 232 234 235 236 237 238 239 240 241 242 243 244 247 248 252 253 640 641 924 925 1170 1171 1175 1176 1177 1187 1200 1201 1206
85: 151 152 153 154 159 194 197 224 225 226 230 231 232 234 235 236 237 238 239 240 241 242 243 244 247 248 252 253 640 641 924 925 1170 1171 1175 1176 1177 1187 1200 1201 1206
90: 151 152 153 154 159 194 197 224 225 226 230 231 232 234 235 236 237 238 239 240 241 242 243 244 247 248 252 253 640 641 924 925 1170 1171 1175 1176 1177 1187 1200 1201 1206
95: 151 152 153 154 159 194 197 224 225 226 230 231 232 234 235 236 237 238 239 240 241 242 243 244 247 248 252 253 640 641 924 925 1170 1171 1175 1176 1177 1187 1200 1201 1206
100: 151 152 153 154 159 194 197 224 225 226 230 231 232 234 235 236 237 238 239 240 241 242 243 244 247 248 252 253 640 641 924 925 1170 1171 1175 1176 1177 1187 1200 1201 1206
