5: 151 152 153 154 159 224 230 231 232 234 235 236 248 924 925 1177 1187 1291 1292
10: 151 152 153 154 159 194 197 224 225 226 230 231 232 234 235 236 247 248 252 253 924 925 1170 1171 1176 1177 1187 1200 1206 1291 1292
15: 151 152 153 154 159 194 197 224 225 226 230 231 232 234 235 236 237 238 239 240 241 247 248 252 253 640 641 924 925 1170 1171 1176 1177 1187 1200 1201 1206 1291 1292
20: 151 152 153 154 159 194 197 224 225 226 230 231 232 234 235 236 237 238 239 240 241 242 243 244 247 248 252 253 640 641 924 925 1170 1171 1176 1177 1187 1200 1201 1206 1291 1292
25: 151 152 153 154 159 194 197 224 225 226 230 231 232 234 235 236 237 238 239 240 241 242 243 244 247 248 252 253 640 641 924 925 1170 1171 1176 1177 1187 1200 1201 1206 1291 1292
30: 151 152 153 154 159 194 197 224 225 226 230 231 232 234 235 236 237 238 239 240 241 242 243 244 247 248 252 253 640 641 924 925 1170 1171 1176 1177 1187 1200 1201 1206 1291 1292
35: 151 152 153 154 159 194 197 224 225 226 230 231 232 234 235 236 237 238 239 240 241 242 243 244 247 248 252 253 640 641 924 925 1170 1171 1176 1177 1187 1200 1201 1206 1291 1292
40: 151 152 153 154 159 194 197 224 225 226 230 231 232 234 235 236 237 238 239 240 241 242 243 244 247 248 252 253 640 641 924 925 1170 1171 1176 1177 1187 1200 1201 1206 1291 1292
45: 151 152 153 154 159 194 197 224 225 226 230 231 232 234 235 236 237 238 239 240 241 242 243 244 247 248 252 253 640 641 924 925 1170 1171 1176 1177 1187 1200 1201 1206 1291 1292
50: 151 152 153 154 159 194 197 224 225 226 230 231 232 234 235 236 237 238 239 240 241 242 243 244 247 248 252 253 640 641 924 925 1170 1171 1176 1177 1187 1200 1201 1206 1291 1292
55: 151 152 153 154 159 194 197 224 225 226 230 231 232 234 235 236 237 238 239 240 241 242 243 244 247 248 252 253 640 641 924 925 1170 1171 1176 1177 1187 1200 1201 1206 1291 1292
60: 151 152 153 154 159 194 197 224 225 226 230 231 232 234 235 236 237 238 239 240 241 242 243 244 247 248 252 253 640 641 924 925 1170 1171 1176 1177 1187 1200 1201 1206 1291 1292
65: 151 152 153 154 159 194 197 224 225 226 230 231 232 234 235 236 237 238 239 240 241 242 243 244 247 248 252 253 640 641 924 925 1170 1171 1176 1177 1187 1200 1201 1206 1291 1292
70: 151 152 153 154 159 194 197 224 225 226 230 231 232 234 235 236 237 238 239 240 241 242 243 244 247 248 252 253 640 641 924 925 1170 1171 1176 1177 1187 1200 1201 1206 1291 1292
75: 151 152 153 154 159 194 197 224 225 226 230 231 232 234 235 236 237 238 239 240 241 242 243 244 247 248 252 253 640 641 924 925 1170 1171 1176 1177 1187 1200 1201 1206 1291 1292
80: 151 152 153 154 159 194 197 224 225 226 230 231 232 234 235 236 237 238 239 240 241 242 243 244 247 248 252 253 640 641 924 925 1170 1171 1176 1177 1187 1200 1201 1206 1291 1292
85: 151 152 153 154 159 194 197 224 225 226 230 231 232 234 235 236 237 238 239 240 241 242 243 244 247 248 252 253 640 641 924 925 1170 1171 1176 1177 1187 1200 1201 1206 1291 1292
90: 151 152 153 154 159 194 197 224 225 226 230 231 232 234 235 236 237 238 239 240 241 242 243 244 247 248 252 253 640 641 924 925 1170 1171 1176 1177 1187 1200 1201 1206 1291 1292
95: 151 152 153 154 159 194 197 224 225 226 230 231 232 234 235 236 237 238 239 240 241 242 243 244 247 248 252 253 640 641 924 925 1170 1171 1176 1177 1187 1200 1201 1206 1291 1292
100: 151 152 153 154 159 194 197 224 225 226 230 231 232 234 235 236 237 238 239 240 241 242 243 244 247 248 252 253 640 641 924 925 1170 1171 1176 1177 1187 1200 1201 1206 1291 1292
