5: 137 139 145 151 152 153 154 159 224 225 230 231 232 234 235 236 248 614 616 650 651 657 658 772 776 810 877 879 924 925 1179 1187 1260 1262 1266 1268 1270 1272 1278 1280 1285 1290 1292 1294 1295 1297 1303 1304 1307 1310 1313 1314 1318 1319
10: 137 139 145 151 152 153 224 230 231 232 234 235 236 247 248 614 616 650 651 657 658 772 776 810 877 879 924 925 1177 1179 1181 1187 1189 1206 1216 1219 1222 1223 1260 1262 1266 1268 1270 1272 1278 1280 1285 1290 1292 1294 1295 1297 1303 1304 1307 1310 1313 1314 1318 1319
15: 137 139 145 151 152 153 154 159 194 197 224 225 226 230 231 232 234 235 236 247 248 252 253 614 616 650 651 657 658 772 776 810 877 879 924 925 1175 1177 1179 1181 1187 1189 1199 1201 1206 1216 1219 1222 1223 1260 1262 1266 1268 1270 1272 1278 1280 1285 1290 1292 1294 1295 1297 1303 1304 1307 1310 1313 1314 1318 1319
20: 145 151 152 153 154 159 194 224 225 226 230 231 232 234 235 236 247 248 252 614 616 650 657 658 776 810 924 925 1175 1177 1179 1181 1187 1189 1199 1201 1204 1206 1212 1213 1216 1219 1222 1223 1260 1262 1266 1268 1270 1272 1278 1280 1285 1290 1292 1294 1297 1303 1304 1307 1310 1313 1318 1319
25: 137 139 145 151 152 153 154 159 194 197 224 225 226 230 231 232 234 235 236 237 238 239 240 243 244 247 248 252 253 614 616 650 651 657 658 772 776 810 877 879 924 925 1170 1171 1175 1177 1179 1181 1187 1189 1194 1199 1201 1203 1204 1206 1212 1213 1216 1219 1222 1223 1227 1228 1260 1262 1266 1268 1270 1272 1278 1280 1285 1290 1292 1294 1295 1297 1303 1304 1307 1310 1313 1314 1318 1319 1659 1666 1667 1668
30: 137 139 145 151 152 153 154 159 194 197 224 225 226 230 231 232 234 235 236 237 238 239 240 241 242 243 244 247 248 252 253 305 306 614 616 650 651 657 658 772 776 810 877 879 887 924 925 1170 1171 1175 1176 1177 1179 1181 1187 1189 1194 1199 1201 1203 1204 1206 1212 1213 1216 1219 1222 1223 1227 1228 1260 1262 1266 1268 1270 1272 1278 1280 1285 1290 1292 1294 1295 1297 1303 1304 1307 1310 1313 1314 1318 1319 1659 1666 1667 1668
35: 137 139 145 151 152 153 154 159 194 197 224 225 226 230 231 232 234 235 236 237 238 239 240 241 242 243 244 247 248 252 253 305 306 614 616 650 651 657 658 772 776 810 877 879 887 924 925 1170 1171 1175 1176 1177 1179 1181 1187 1189 1194 1199 1201 1203 1204 1206 1212 1213 1216 1219 1222 1223 1227 1228 1260 1262 1266 1268 1270 1272 1278 1280 1285 1290 1292 1294 1295 1297 1303 1304 1307 1310 1313 1314 1318 1319 1659 1666 1667 1668
40: 137 139 145 151 152 153 154 159 194 197 224 225 226 230 231 232 234 235 236 237 238 239 240 241 242 243 244 247 248 252 253 305 306 614 616 650 651 657 658 772 776 810 877 879 887 924 925 1170 1171 1175 1176 1177 1179 1181 1187 1189 1194 1199 1201 1203 1204 1206 1212 1213 1216 1219 1222 1223 1227 1228 1260 1262 1266 1268 1270 1272 1278 1280 1285 1290 1292 1294 1295 1297 1303 1304 1307 1310 1313 1314 1318 1319 1659 1666 1667 1668
45: 137 139 145 151 152 153 154 159 194 197 224 225 226 230 231 232 234 235 236 237 238 239 240 241 242 243 244 247 248 252 253 305 306 614 616 650 651 657 658 772 776 810 877 879 887 924 925 1170 1171 1175 1176 1177 1179 1181 1187 1189 1194 1199 1201 1203 1204 1206 1212 1213 1216 1219 1222 1223 1227 1228 1260 1262 1266 1268 1270 1272 1278 1280 1285 1290 1292 1294 1295 1297 1303 1304 1307 1310 1313 1314 1318 1319 1659 1666 1667 1668
50: 137 139 145 151 152 153 154 159 194 197 224 225 226 230 231 232 234 235 236 237 238 239 240 241 242 243 244 247 248 252 253 305 306 614 616 650 651 657 658 772 776 810 877 879 887 924 925 1170 1171 1175 1176 1177 1179 1181 1187 1189 1194 1199 1201 1203 1204 1206 1212 1213 1216 1219 1222 1223 1227 1228 1260 1262 1266 1268 1270 1272 1278 1280 1285 1290 1292 1294 1295 1297 1303 1304 1307 1310 1313 1314 1318 1319 1659 1666 1667 1668
55: 137 139 145 151 152 153 154 159 194 197 224 225 226 230 231 232 234 235 236 237 238 239 240 241 242 243 244 247 248 252 253 305 306 614 616 650 651 657 658 772 776 810 877 879 887 924 925 1170 1171 1175 1176 1177 1179 1181 1187 1189 1194 1199 1201 1203 1204 1206 1212 1213 1216 1219 1222 1223 1227 1228 1260 1262 1266 1268 1270 1272 1278 1280 1285 1290 1292 1294 1295 1297 1303 1304 1307 1310 1313 1314 1318 1319 1659 1666 1667 1668
60: 137 139 145 151 152 153 154 159 194 197 224 225 226 230 231 232 234 235 236 237 238 239 240 241 242 243 244 247 248 252 253 305 306 614 616 650 651 657 658 772 776 810 877 879 887 924 925 1170 1171 1175 1176 1177 1179 1181 1187 1189 1194 1199 1201 1203 1204 1206 1212 1213 1216 1219 1222 1223 1227 1228 1260 1262 1266 1268 1270 1272 1278 1280 1285 1290 1292 1294 1295 1297 1303 1304 1307 1310 1313 1314 1318 1319 1659 1666 1667 1668
65: 137 139 145 151 152 153 154 159 194 197 224 225 226 230 231 232 234 235 236 237 238 239 240 241 242 243 244 247 248 252 253 305 306 614 616 650 651 657 658 772 776 810 877 879 887 924 925 1170 1171 1175 1176 1177 1179 1181 1187 1189 1194 1199 1201 1203 1204 1206 1212 1213 1216 1219 1222 1223 1227 1228 1260 1262 1266 1268 1270 1272 1278 1280 1285 1290 1292 1294 1295 1297 1303 1304 1307 1310 1313 1314 1318 1319 1659 1666 1667 1668
70: 137 139 145 151 152 153 154 159 194 197 224 225 226 230 231 232 234 235 236 237 238 239 240 241 242 243 244 247 248 252 253 305 306 614 616 650 651 657 658 772 776 810 877 879 887 924 925 1170 1171 1175 1176 1177 1179 1181 1187 1189 1194 1199 1201 1203 1204 1206 1212 1213 1216 1219 1222 1223 1227 1228 1260 1262 1266 1268 1270 1272 1278 1280 1285 1290 1292 1294 1295 1297 1303 1304 1307 1310 1313 1314 1318 1319 1659 1666 1667 1668
75: 137 139 145 151 152 153 154 159 194 197 224 225 226 230 231 232 234 235 236 237 238 239 240 241 242 243 244 247 248 252 253 305 306 614 616 650 651 657 658 772 776 810 877 879 887 924 925 1170 1171 1175 1176 1177 1179 1181 1187 1189 1194 1199 1201 1203 1204 1206 1212 1213 1216 1219 1222 1223 1227 1228 1260 1262 1266 1268 1270 1272 1278 1280 1285 1290 1292 1294 1295 1297 1303 1304 1307 1310 1313 1314 1318 1319 1659 1666 1667 1668
80: 137 139 145 151 152 153 154 159 194 197 224 225 226 230 231 232 234 235 236 237 238 239 240 241 242 243 244 247 248 252 253 305 306 614 616 650 651 657 658 772 776 810 877 879 887 924 925 1170 1171 1175 1176 1177 1179 1181 1187 1189 1194 1199 1201 1203 1204 1206 1212 1213 1216 1219 1222 1223 1227 1228 1260 1262 1266 1268 1270 1272 1278 1280 1285 1290 1292 1294 1295 1297 1303 1304 1307 1310 1313 1314 1318 1319 1659 1666 1667 1668
85: 137 139 145 151 152 153 154 159 194 197 224 225 226 230 231 232 234 235 236 237 238 239 240 241 242 243 244 247 248 252 253 305 306 614 616 650 651 657 658 772 776 810 877 879 887 924 925 1170 1171 1175 1176 1177 1179 1181 1187 1189 1194 1199 1201 1203 1204 1206 1212 1213 1216 1219 1222 1223 1227 1228 1260 1262 1266 1268 1270 1272 1278 1280 1285 1290 1292 1294 1295 1297 1303 1304 1307 1310 1313 1314 1318 1319 1659 1666 1667 1668
90: 137 139 145 151 152 153 154 159 194 197 224 225 226 230 231 232 234 235 236 237 238 239 240 241 242 243 244 247 248 252 253 305 306 614 616 650 651 657 658 772 776 810 877 879 887 924 925 1170 1171 1175 1176 1177 1179 1181 1187 1189 1194 1199 1201 1203 1204 1206 1212 1213 1216 1219 1222 1223 1227 1228 1260 1262 1266 1268 1270 1272 1278 1280 1285 1290 1292 1294 1295 1297 1303 1304 1307 1310 1313 1314 1318 1319 1659 1666 1667 1668
95: 137 139 145 151 152 153 154 159 194 197 224 225 226 230 231 232 234 235 236 237 238 239 240 241 242 243 244 247 248 252 253 305 306 614 616 650 651 657 658 772 776 810 877 879 887 924 925 1170 1171 1175 1176 1177 1179 1181 1187 1189 1194 1199 1201 1203 1204 1206 1212 1213 1216 1219 1222 1223 1227 1228 1260 1262 1266 1268 1270 1272 1278 1280 1285 1290 1292 1294 1295 1297 1303 1304 1307 1310 1313 1314 1318 1319 1659 1666 1667 1668
100: 137 139 145 151 152 153 154 159 194 197 224 225 226 230 231 232 234 235 236 237 238 239 240 241 242 243 244 247 248 252 253 305 306 614 616 650 651 657 658 772 776 810 877 879 887 924 925 1170 1171 1175 1176 1177 1179 1181 1187 1189 1194 1199 1201 1203 1204 1206 1212 1213 1216 1219 1222 1223 1227 1228 1260 1262 1266 1268 1270 1272 1278 1280 1285 1290 1292 1294 1295 1297 1303 1304 1307 1310 1313 1314 1318 1319 1659 1666 1667 1668
