5: 159 160 161 165 166 167 179 180 184 185 191 192 193 195 198 200 201 202 206 207 212 213 214 216 217 218 219 220 221 222 225 226 231 233 237 239 257 268 269 273 274 285 354 386 389 401 412 423 463 472 475 477 479 481 483 484 485 486 488 489 490 492 497 499 504 506 510 512 513 514 523 524 525 531 532 533 613 617 621 623 656 779 825 826 830 831 835 836 842 846 848 849 852 869 870 893 950 955 980 1067 1068 1072 1073
10: 22 25 159 160 161 165 166 167 179 180 184 185 191 192 193 195 196 197 198 199 200 201 202 203 206 207 212 213 214 216 217 218 219 220 221 222 225 226 231 233 237 239 257 268 269 273 274 279 285 296 354 386 389 401 412 423 463 472 473 475 476 477 479 480 481 483 484 485 486 488 489 490 492 495 496 497 499 502 503 504 506 510 512 513 514 523 524 525 531 532 533 613 617 621 623 656 743 779 825 826 830 831 835 836 842 846 848 849 852 856 869 870 874 893 950 955 980 991 1001 1027 1058 1067 1068 1072 1073
15: 22 25 159 160 161 165 166 167 179 180 184 185 191 192 193 195 196 197 198 199 200 201 202 203 206 207 212 213 214 216 217 218 219 220 221 222 225 226 231 233 237 239 257 268 269 273 274 279 285 296 354 386 389 401 412 423 463 472 473 475 476 477 479 480 481 483 484 485 486 488 489 490 492 495 496 497 499 502 503 504 506 510 512 513 514 523 524 525 531 532 533 613 617 621 623 656 743 779 825 826 830 831 835 836 842 846 848 849 852 856 869 870 874 893 950 955 980 991 1001 1027 1058 1067 1068 1072 1073
20: 22 25 159 160 161 165 166 167 179 180 184 185 191 192 193 195 196 197 198 199 200 201 202 203 206 207 212 213 214 216 217 218 219 220 221 222 225 226 231 233 237 239 257 268 269 273 274 279 285 296 354 386 389 401 412 423 463 472 473 475 476 477 479 480 481 483 484 485 486 488 489 490 492 495 496 497 499 502 503 504 506 510 512 513 514 523 524 525 531 532 533 613 617 621 623 656 743 779 825 826 830 831 835 836 842 846 848 849 852 856 869 870 874 893 950 955 980 991 1001 1027 1058 1067 1068 1072 1073
25: 22 25 159 160 161 165 166 167 179 180 184 185 191 192 193 195 196 197 198 199 200 201 202 203 206 207 212 213 214 216 217 218 219 220 221 222 225 226 231 233 237 239 257 268 269 273 274 279 285 296 354 386 389 401 412 423 463 472 473 475 476 477 479 480 481 483 484 485 486 488 489 490 492 495 496 497 499 502 503 504 506 510 512 513 514 523 524 525 531 532 533 613 617 621 623 656 743 779 825 826 830 831 835 836 842 846 848 849 852 856 869 870 874 893 950 955 980 991 1001 1027 1058 1067 1068 1072 1073
30: 22 25 159 160 161 165 166 167 179 180 184 185 191 192 193 195 196 197 198 199 200 201 202 203 206 207 212 213 214 216 217 218 219 220 221 222 225 226 231 233 237 239 257 268 269 273 274 279 285 296 354 386 389 401 412 423 463 472 473 475 476 477 479 480 481 483 484 485 486 488 489 490 492 495 496 497 499 502 503 504 506 510 512 513 514 523 524 525 531 532 533 613 617 621 623 656 743 779 825 826 830 831 835 836 842 846 848 849 852 856 869 870 874 893 950 955 980 991 1001 1027 1058 1067 1068 1072 1073
35: 22 25 159 160 161 165 166 167 179 180 184 185 191 192 193 195 196 197 198 199 200 201 202 203 206 207 212 213 214 216 217 218 219 220 221 222 225 226 231 233 237 239 257 268 269 273 274 279 285 296 354 386 389 401 412 423 463 472 473 475 476 477 479 480 481 483 484 485 486 488 489 490 492 495 496 497 499 502 503 504 506 510 512 513 514 523 524 525 531 532 533 613 617 621 623 656 743 779 825 826 830 831 835 836 842 846 848 849 852 856 869 870 874 893 950 955 980 991 1001 1027 1058 1067 1068 1072 1073
40: 22 25 159 160 161 165 166 167 179 180 184 185 191 192 193 195 196 197 198 199 200 201 202 203 206 207 212 213 214 216 217 218 219 220 221 222 225 226 231 233 237 239 257 268 269 273 274 279 285 296 354 386 389 401 412 423 463 472 473 475 476 477 479 480 481 483 484 485 486 488 489 490 492 495 496 497 499 502 503 504 506 510 512 513 514 523 524 525 531 532 533 613 617 621 623 656 743 779 825 826 830 831 835 836 842 846 848 849 852 856 869 870 874 893 950 955 980 991 1001 1027 1058 1067 1068 1072 1073
45: 22 25 159 160 161 165 166 167 179 180 184 185 191 192 193 195 196 197 198 199 200 201 202 203 206 207 212 213 214 216 217 218 219 220 221 222 225 226 231 233 237 239 257 268 269 273 274 279 285 296 354 386 389 401 412 423 463 472 473 475 476 477 479 480 481 483 484 485 486 488 489 490 492 495 496 497 499 502 503 504 506 510 512 513 514 523 524 525 531 532 533 613 617 621 623 656 743 779 825 826 830 831 835 836 842 846 848 849 852 856 869 870 874 893 950 955 980 991 1001 1027 1058 1067 1068 1072 1073
50: 22 25 159 160 161 165 166 167 179 180 184 185 191 192 193 195 196 197 198 199 200 201 202 203 206 207 212 213 214 216 217 218 219 220 221 222 225 226 231 233 237 239 257 268 269 273 274 279 285 296 354 386 389 401 412 423 463 472 473 475 476 477 479 480 481 483 484 485 486 488 489 490 492 495 496 497 499 502 503 504 506 510 512 513 514 523 524 525 531 532 533 613 617 621 623 656 743 779 825 826 830 831 835 836 842 846 848 849 852 856 869 870 874 893 950 955 980 991 1001 1027 1058 1067 1068 1072 1073
55: 22 25 159 160 161 165 166 167 179 180 184 185 191 192 193 195 196 197 198 199 200 201 202 203 206 207 212 213 214 216 217 218 219 220 221 222 225 226 231 233 237 239 257 268 269 273 274 279 285 296 354 386 389 401 412 423 463 472 473 475 476 477 479 480 481 483 484 485 486 488 489 490 492 495 496 497 499 502 503 504 506 510 512 513 514 523 524 525 531 532 533 613 617 621 623 656 743 779 825 826 830 831 835 836 842 846 848 849 852 856 869 870 874 893 950 955 980 991 1001 1027 1058 1067 1068 1072 1073
60: 22 25 159 160 161 165 166 167 179 180 184 185 191 192 193 195 196 197 198 199 200 201 202 203 206 207 212 213 214 216 217 218 219 220 221 222 225 226 231 233 237 239 257 268 269 273 274 279 285 296 354 386 389 401 412 423 463 472 473 475 476 477 479 480 481 483 484 485 486 488 489 490 492 495 496 497 499 502 503 504 506 510 512 513 514 523 524 525 531 532 533 613 617 621 623 656 743 779 825 826 830 831 835 836 842 846 848 849 852 856 869 870 874 893 950 955 980 991 1001 1027 1058 1067 1068 1072 1073
65: 22 25 159 160 161 165 166 167 179 180 184 185 191 192 193 195 196 197 198 199 200 201 202 203 206 207 212 213 214 216 217 218 219 220 221 222 225 226 231 233 237 239 257 268 269 273 274 279 285 296 354 386 389 401 412 423 463 472 473 475 476 477 479 480 481 483 484 485 486 488 489 490 492 495 496 497 499 502 503 504 506 510 512 513 514 523 524 525 531 532 533 613 617 621 623 656 743 779 825 826 830 831 835 836 842 846 848 849 852 856 869 870 874 893 950 955 980 991 1001 1027 1058 1067 1068 1072 1073
70: 22 25 159 160 161 165 166 167 179 180 184 185 191 192 193 195 196 197 198 199 200 201 202 203 206 207 212 213 214 216 217 218 219 220 221 222 225 226 231 233 237 239 257 268 269 273 274 279 285 296 354 386 389 401 412 423 463 472 473 475 476 477 479 480 481 483 484 485 486 488 489 490 492 495 496 497 499 502 503 504 506 510 512 513 514 523 524 525 531 532 533 613 617 621 623 656 743 779 825 826 830 831 835 836 842 846 848 849 852 856 869 870 874 893 950 955 980 991 1001 1027 1058 1067 1068 1072 1073
75: 22 25 159 160 161 165 166 167 179 180 184 185 191 192 193 195 196 197 198 199 200 201 202 203 206 207 212 213 214 216 217 218 219 220 221 222 225 226 231 233 237 239 257 268 269 273 274 279 285 296 354 386 389 401 412 423 463 472 473 475 476 477 479 480 481 483 484 485 486 488 489 490 492 495 496 497 499 502 503 504 506 510 512 513 514 523 524 525 531 532 533 613 617 621 623 656 743 779 825 826 830 831 835 836 842 846 848 849 852 856 869 870 874 893 950 955 980 991 1001 1027 1058 1067 1068 1072 1073
80: 22 25 159 160 161 165 166 167 179 180 184 185 191 192 193 195 196 197 198 199 200 201 202 203 206 207 212 213 214 216 217 218 219 220 221 222 225 226 231 233 237 239 257 268 269 273 274 279 285 296 354 386 389 401 412 423 463 472 473 475 476 477 479 480 481 483 484 485 486 488 489 490 492 495 496 497 499 502 503 504 506 510 512 513 514 523 524 525 531 532 533 613 617 621 623 656 743 779 825 826 830 831 835 836 842 846 848 849 852 856 869 870 874 893 950 955 980 991 1001 1027 1058 1067 1068 1072 1073
85: 22 25 159 160 161 165 166 167 179 180 184 185 191 192 193 195 196 197 198 199 200 201 202 203 206 207 212 213 214 216 217 218 219 220 221 222 225 226 231 233 237 239 257 268 269 273 274 279 285 296 354 386 389 401 412 423 463 472 473 475 476 477 479 480 481 483 484 485 486 488 489 490 492 495 496 497 499 502 503 504 506 510 512 513 514 523 524 525 531 532 533 613 617 621 623 656 743 779 825 826 830 831 835 836 842 846 848 849 852 856 869 870 874 893 950 955 980 991 1001 1027 1058 1067 1068 1072 1073
90: 22 25 159 160 161 165 166 167 179 180 184 185 191 192 193 195 196 197 198 199 200 201 202 203 206 207 212 213 214 216 217 218 219 220 221 222 225 226 231 233 237 239 257 268 269 273 274 279 285 296 354 386 389 401 412 423 463 472 473 475 476 477 479 480 481 483 484 485 486 488 489 490 492 495 496 497 499 502 503 504 506 510 512 513 514 523 524 525 531 532 533 613 617 621 623 656 743 779 825 826 830 831 835 836 842 846 848 849 852 856 869 870 874 893 950 955 980 991 1001 1027 1058 1067 1068 1072 1073
95: 22 25 159 160 161 165 166 167 179 180 184 185 191 192 193 195 196 197 198 199 200 201 202 203 206 207 212 213 214 216 217 218 219 220 221 222 225 226 231 233 237 239 257 268 269 273 274 279 285 296 354 386 389 401 412 423 463 472 473 475 476 477 479 480 481 483 484 485 486 488 489 490 492 495 496 497 499 502 503 504 506 510 512 513 514 523 524 525 531 532 533 613 617 621 623 656 743 779 825 826 830 831 835 836 842 846 848 849 852 856 869 870 874 893 950 955 980 991 1001 1027 1058 1067 1068 1072 1073
100: 22 25 159 160 161 165 166 167 179 180 184 185 191 192 193 195 196 197 198 199 200 201 202 203 206 207 212 213 214 216 217 218 219 220 221 222 225 226 231 233 237 239 257 268 269 273 274 279 285 296 354 386 389 401 412 423 463 472 473 475 476 477 479 480 481 483 484 485 486 488 489 490 492 495 496 497 499 502 503 504 506 510 512 513 514 523 524 525 531 532 533 613 617 621 623 656 743 779 825 826 830 831 835 836 842 846 848 849 852 856 869 870 874 893 950 955 980 991 1001 1027 1058 1067 1068 1072 1073
