5: 159 160 161 165 166 167 179 180 184 185 188 191 192 193 195 199 206 207 212 213 214 216 219 225 226 231 233 237 269 273 274 283 284 305 306 354 361 362 363 364 375 381 382 386 389 401 463 472 473 483 486 488 489 490 492 497 504 510 512 513 514 613 632 633 665 670 671 712 718 719 779 780 785 786 825 826
10: 100 159 160 161 165 166 167 179 180 184 185 188 191 192 193 195 199 200 206 207 212 213 214 216 219 225 226 231 233 237 239 257 268 269 273 274 283 284 305 306 354 361 362 363 364 375 381 382 386 389 401 463 472 473 483 486 488 489 490 492 497 504 510 512 513 514 613 623 632 633 637 638 656 665 666 670 671 676 677 712 713 718 719 723 724 743 775 779 780 785 786 790 825 826
15: 18 25 28 35 38 65 100 107 120 121 159 160 161 165 166 167 170 179 180 184 185 188 191 192 193 195 196 197 198 199 200 201 202 203 206 207 212 213 214 216 217 218 219 220 221 222 225 226 231 233 237 239 257 268 269 273 274 283 284 305 306 354 361 362 363 364 375 381 382 386 389 401 463 472 473 483 486 488 489 490 492 497 504 510 512 513 514 613 617 621 623 632 633 637 638 656 665 666 670 671 676 677 712 713 718 719 723 724 734 743 744 774 775 779 780 785 786 790 791 820 821 825 826
20: 18 20 25 28 35 38 58 63 64 65 69 82 83 84 88 98 100 101 102 105 106 107 120 121 124 159 160 161 165 166 167 170 179 180 184 185 188 191 192 193 195 196 197 198 199 200 201 202 203 206 207 212 213 214 216 217 218 219 220 221 222 225 226 231 233 237 239 257 268 269 273 274 283 284 305 306 354 357 358 359 361 362 363 364 375 379 381 382 386 389 401 463 472 473 483 486 488 489 490 492 497 504 510 512 513 514 613 617 621 623 632 633 637 638 656 665 666 670 671 676 677 681 682 708 712 713 718 719 723 724 734 743 744 765 774 775 779 780 785 786 790 791 820 821 825 826
25: 18 20 25 28 35 38 58 63 64 65 69 82 83 84 88 98 100 101 102 105 106 107 120 121 124 159 160 161 165 166 167 170 179 180 184 185 188 191 192 193 195 196 197 198 199 200 201 202 203 206 207 212 213 214 216 217 218 219 220 221 222 225 226 231 233 237 239 257 268 269 273 274 283 284 305 306 354 357 358 359 361 362 363 364 375 379 381 382 386 389 401 463 472 473 483 486 488 489 490 492 497 504 510 512 513 514 613 617 621 623 632 633 637 638 656 665 666 670 671 676 677 681 682 708 712 713 718 719 723 724 734 743 744 765 774 775 779 780 785 786 790 791 820 821 825 826
30: 18 20 25 28 35 38 58 63 64 65 69 82 83 84 88 98 100 101 102 105 106 107 120 121 124 159 160 161 165 166 167 170 179 180 184 185 188 191 192 193 195 196 197 198 199 200 201 202 203 206 207 212 213 214 216 217 218 219 220 221 222 225 226 231 233 237 239 257 268 269 273 274 283 284 305 306 354 357 358 359 361 362 363 364 375 379 381 382 386 389 401 463 472 473 483 486 488 489 490 492 497 504 510 512 513 514 613 617 621 623 632 633 637 638 656 665 666 670 671 676 677 681 682 708 712 713 718 719 723 724 734 743 744 765 774 775 779 780 785 786 790 791 820 821 825 826
35: 18 20 25 28 35 38 58 63 64 65 69 82 83 84 88 98 100 101 102 105 106 107 120 121 124 159 160 161 165 166 167 170 179 180 184 185 188 191 192 193 195 196 197 198 199 200 201 202 203 206 207 212 213 214 216 217 218 219 220 221 222 225 226 231 233 237 239 257 268 269 273 274 283 284 305 306 354 357 358 359 361 362 363 364 375 379 381 382 386 389 401 463 472 473 483 486 488 489 490 492 497 504 510 512 513 514 613 617 621 623 632 633 637 638 656 665 666 670 671 676 677 681 682 708 712 713 718 719 723 724 734 743 744 765 774 775 779 780 785 786 790 791 820 821 825 826
40: 18 20 25 28 35 38 58 63 64 65 69 82 83 84 88 98 100 101 102 105 106 107 120 121 124 159 160 161 165 166 167 170 179 180 184 185 188 191 192 193 195 196 197 198 199 200 201 202 203 206 207 212 213 214 216 217 218 219 220 221 222 225 226 231 233 237 239 257 268 269 273 274 283 284 305 306 354 357 358 359 361 362 363 364 375 379 381 382 386 389 401 463 472 473 483 486 488 489 490 492 497 504 510 512 513 514 613 617 621 623 632 633 637 638 656 665 666 670 671 676 677 681 682 708 712 713 718 719 723 724 734 743 744 765 774 775 779 780 785 786 790 791 820 821 825 826
45: 18 20 25 28 35 38 58 63 64 65 69 82 83 84 88 98 100 101 102 105 106 107 120 121 124 159 160 161 165 166 167 170 179 180 184 185 188 191 192 193 195 196 197 198 199 200 201 202 203 206 207 212 213 214 216 217 218 219 220 221 222 225 226 231 233 237 239 257 268 269 273 274 283 284 305 306 354 357 358 359 361 362 363 364 375 379 381 382 386 389 401 463 472 473 483 486 488 489 490 492 497 504 510 512 513 514 613 617 621 623 632 633 637 638 656 665 666 670 671 676 677 681 682 708 712 713 718 719 723 724 734 743 744 765 774 775 779 780 785 786 790 791 820 821 825 826
50: 18 20 25 28 35 38 58 63 64 65 69 82 83 84 88 98 100 101 102 105 106 107 120 121 124 159 160 161 165 166 167 170 179 180 184 185 188 191 192 193 195 196 197 198 199 200 201 202 203 206 207 212 213 214 216 217 218 219 220 221 222 225 226 231 233 237 239 257 268 269 273 274 283 284 305 306 354 357 358 359 361 362 363 364 375 379 381 382 386 389 401 463 472 473 483 486 488 489 490 492 497 504 510 512 513 514 613 617 621 623 632 633 637 638 656 665 666 670 671 676 677 681 682 708 712 713 718 719 723 724 734 743 744 765 774 775 779 780 785 786 790 791 820 821 825 826
55: 18 20 25 28 35 38 58 63 64 65 69 82 83 84 88 98 100 101 102 105 106 107 120 121 124 159 160 161 165 166 167 170 179 180 184 185 188 191 192 193 195 196 197 198 199 200 201 202 203 206 207 212 213 214 216 217 218 219 220 221 222 225 226 231 233 237 239 257 268 269 273 274 283 284 305 306 354 357 358 359 361 362 363 364 375 379 381 382 386 389 401 463 472 473 483 486 488 489 490 492 497 504 510 512 513 514 613 617 621 623 632 633 637 638 656 665 666 670 671 676 677 681 682 708 712 713 718 719 723 724 734 743 744 765 774 775 779 780 785 786 790 791 820 821 825 826
60: 18 20 25 28 35 38 58 63 64 65 69 82 83 84 88 98 100 101 102 105 106 107 120 121 124 159 160 161 165 166 167 170 179 180 184 185 188 191 192 193 195 196 197 198 199 200 201 202 203 206 207 212 213 214 216 217 218 219 220 221 222 225 226 231 233 237 239 257 268 269 273 274 283 284 305 306 354 357 358 359 361 362 363 364 375 379 381 382 386 389 401 463 472 473 483 486 488 489 490 492 497 504 510 512 513 514 613 617 621 623 632 633 637 638 656 665 666 670 671 676 677 681 682 708 712 713 718 719 723 724 734 743 744 765 774 775 779 780 785 786 790 791 820 821 825 826
65: 18 20 25 28 35 38 58 63 64 65 69 82 83 84 88 98 100 101 102 105 106 107 120 121 124 159 160 161 165 166 167 170 179 180 184 185 188 191 192 193 195 196 197 198 199 200 201 202 203 206 207 212 213 214 216 217 218 219 220 221 222 225 226 231 233 237 239 257 268 269 273 274 283 284 305 306 354 357 358 359 361 362 363 364 375 379 381 382 386 389 401 463 472 473 483 486 488 489 490 492 497 504 510 512 513 514 613 617 621 623 632 633 637 638 656 665 666 670 671 676 677 681 682 708 712 713 718 719 723 724 734 743 744 765 774 775 779 780 785 786 790 791 820 821 825 826
70: 18 20 25 28 35 38 58 63 64 65 69 82 83 84 88 98 100 101 102 105 106 107 120 121 124 159 160 161 165 166 167 170 179 180 184 185 188 191 192 193 195 196 197 198 199 200 201 202 203 206 207 212 213 214 216 217 218 219 220 221 222 225 226 231 233 237 239 257 268 269 273 274 283 284 305 306 354 357 358 359 361 362 363 364 375 379 381 382 386 389 401 463 472 473 483 486 488 489 490 492 497 504 510 512 513 514 613 617 621 623 632 633 637 638 656 665 666 670 671 676 677 681 682 708 712 713 718 719 723 724 734 743 744 765 774 775 779 780 785 786 790 791 820 821 825 826
75: 18 20 25 28 35 38 58 63 64 65 69 82 83 84 88 98 100 101 102 105 106 107 120 121 124 159 160 161 165 166 167 170 179 180 184 185 188 191 192 193 195 196 197 198 199 200 201 202 203 206 207 212 213 214 216 217 218 219 220 221 222 225 226 231 233 237 239 257 268 269 273 274 283 284 305 306 354 357 358 359 361 362 363 364 375 379 381 382 386 389 401 463 472 473 483 486 488 489 490 492 497 504 510 512 513 514 613 617 621 623 632 633 637 638 656 665 666 670 671 676 677 681 682 708 712 713 718 719 723 724 734 743 744 765 774 775 779 780 785 786 790 791 820 821 825 826
80: 18 20 25 28 35 38 58 63 64 65 69 82 83 84 88 98 100 101 102 105 106 107 120 121 124 159 160 161 165 166 167 170 179 180 184 185 188 191 192 193 195 196 197 198 199 200 201 202 203 206 207 212 213 214 216 217 218 219 220 221 222 225 226 231 233 237 239 257 268 269 273 274 283 284 305 306 354 357 358 359 361 362 363 364 375 379 381 382 386 389 401 463 472 473 483 486 488 489 490 492 497 504 510 512 513 514 613 617 621 623 632 633 637 638 656 665 666 670 671 676 677 681 682 708 712 713 718 719 723 724 734 743 744 765 774 775 779 780 785 786 790 791 820 821 825 826
85: 18 20 25 28 35 38 58 63 64 65 69 82 83 84 88 98 100 101 102 105 106 107 120 121 124 159 160 161 165 166 167 170 179 180 184 185 188 191 192 193 195 196 197 198 199 200 201 202 203 206 207 212 213 214 216 217 218 219 220 221 222 225 226 231 233 237 239 257 268 269 273 274 283 284 305 306 354 357 358 359 361 362 363 364 375 379 381 382 386 389 401 463 472 473 483 486 488 489 490 492 497 504 510 512 513 514 613 617 621 623 632 633 637 638 656 665 666 670 671 676 677 681 682 708 712 713 718 719 723 724 734 743 744 765 774 775 779 780 785 786 790 791 820 821 825 826
90: 18 20 25 28 35 38 58 63 64 65 69 82 83 84 88 98 100 101 102 105 106 107 120 121 124 159 160 161 165 166 167 170 179 180 184 185 188 191 192 193 195 196 197 198 199 200 201 202 203 206 207 212 213 214 216 217 218 219 220 221 222 225 226 231 233 237 239 257 268 269 273 274 283 284 305 306 354 357 358 359 361 362 363 364 375 379 381 382 386 389 401 463 472 473 483 486 488 489 490 492 497 504 510 512 513 514 613 617 621 623 632 633 637 638 656 665 666 670 671 676 677 681 682 708 712 713 718 719 723 724 734 743 744 765 774 775 779 780 785 786 790 791 820 821 825 826
95: 18 20 25 28 35 38 58 63 64 65 69 82 83 84 88 98 100 101 102 105 106 107 120 121 124 159 160 161 165 166 167 170 179 180 184 185 188 191 192 193 195 196 197 198 199 200 201 202 203 206 207 212 213 214 216 217 218 219 220 221 222 225 226 231 233 237 239 257 268 269 273 274 283 284 305 306 354 357 358 359 361 362 363 364 375 379 381 382 386 389 401 463 472 473 483 486 488 489 490 492 497 504 510 512 513 514 613 617 621 623 632 633 637 638 656 665 666 670 671 676 677 681 682 708 712 713 718 719 723 724 734 743 744 765 774 775 779 780 785 786 790 791 820 821 825 826
100: 18 20 25 28 35 38 58 63 64 65 69 82 83 84 88 98 100 101 102 105 106 107 120 121 124 159 160 161 165 166 167 170 179 180 184 185 188 191 192 193 195 196 197 198 199 200 201 202 203 206 207 212 213 214 216 217 218 219 220 221 222 225 226 231 233 237 239 257 268 269 273 274 283 284 305 306 354 357 358 359 361 362 363 364 375 379 381 382 386 389 401 463 472 473 483 486 488 489 490 492 497 504 510 512 513 514 613 617 621 623 632 633 637 638 656 665 666 670 671 676 677 681 682 708 712 713 718 719 723 724 734 743 744 765 774 775 779 780 785 786 790 791 820 821 825 826
