5: 159 160 161 165 166 167 179 180 184 185 191 192 193 195 196 197 198 199 200 201 202 203 206 207 212 213 214 216 217 218 219 220 221 222 225 226 233 239 242 273 274 289 354 386 389 391 392 393 394 395 396 397 398 399 400 401 483 486 488 489 490 492 497 504 510 512 513 514 516 517 519 520 613 616 617 623 625 627 642 657 735 739 745 770 830 831 835 836 846 848 856 862 864 986 1017 1033 1053 1067 1068 1072 1073
10: 159 160 161 165 166 167 179 180 184 185 191 192 193 195 196 197 198 199 200 201 202 203 206 207 212 213 214 216 217 218 219 220 221 222 225 226 233 239 242 273 274 289 354 386 389 391 392 393 394 395 396 397 398 399 400 401 465 483 486 488 489 490 492 497 504 510 512 513 514 516 517 519 520 613 616 617 623 625 626 627 638 642 657 670 671 719 735 739 745 770 774 786 794 795 809 813 820 830 831 835 836 845 846 848 849 856 860 861 862 863 864 929 986 1017 1023 1033 1053 1063 1067 1068 1072 1073
15: 159 160 161 165 166 167 179 180 184 185 191 192 193 195 196 197 198 199 200 201 202 203 206 207 212 213 214 216 217 218 219 220 221 222 225 226 233 239 242 273 274 289 354 386 389 391 392 393 394 395 396 397 398 399 400 401 465 483 486 488 489 490 492 497 504 510 512 513 514 516 517 519 520 613 616 617 623 625 626 627 638 642 657 670 671 719 735 739 745 770 774 786 794 795 809 813 820 830 831 835 836 845 846 848 849 856 860 861 862 863 864 929 986 1017 1023 1033 1053 1063 1067 1068 1072 1073
20: 159 160 161 165 166 167 179 180 184 185 191 192 193 195 196 197 198 199 200 201 202 203 206 207 212 213 214 216 217 218 219 220 221 222 225 226 233 239 242 273 274 289 354 386 389 391 392 393 394 395 396 397 398 399 400 401 465 483 486 488 489 490 492 497 504 510 512 513 514 516 517 519 520 613 616 617 623 625 626 627 638 642 657 670 671 719 735 739 745 770 774 786 794 795 809 813 820 830 831 835 836 845 846 848 849 856 860 861 862 863 864 929 986 1017 1023 1033 1053 1063 1067 1068 1072 1073
25: 159 160 161 165 166 167 179 180 184 185 191 192 193 195 196 197 198 199 200 201 202 203 206 207 212 213 214 216 217 218 219 220 221 222 225 226 233 239 242 273 274 289 354 386 389 391 392 393 394 395 396 397 398 399 400 401 465 483 486 488 489 490 492 497 504 510 512 513 514 516 517 519 520 613 616 617 623 625 626 627 638 642 657 670 671 719 735 739 745 770 774 786 794 795 809 813 820 830 831 835 836 845 846 848 849 856 860 861 862 863 864 929 986 1017 1023 1033 1053 1063 1067 1068 1072 1073
30: 159 160 161 165 166 167 179 180 184 185 191 192 193 195 196 197 198 199 200 201 202 203 206 207 212 213 214 216 217 218 219 220 221 222 225 226 233 239 242 273 274 289 354 386 389 391 392 393 394 395 396 397 398 399 400 401 465 483 486 488 489 490 492 497 504 510 512 513 514 516 517 519 520 613 616 617 623 625 626 627 638 642 657 670 671 719 735 739 745 770 774 786 794 795 809 813 820 830 831 835 836 845 846 848 849 856 860 861 862 863 864 929 986 1017 1023 1033 1053 1063 1067 1068 1072 1073
35: 159 160 161 165 166 167 179 180 184 185 191 192 193 195 196 197 198 199 200 201 202 203 206 207 212 213 214 216 217 218 219 220 221 222 225 226 233 239 242 273 274 289 354 386 389 391 392 393 394 395 396 397 398 399 400 401 465 483 486 488 489 490 492 497 504 510 512 513 514 516 517 519 520 613 616 617 623 625 626 627 638 642 657 670 671 719 735 739 745 770 774 786 794 795 809 813 820 830 831 835 836 845 846 848 849 856 860 861 862 863 864 929 986 1017 1023 1033 1053 1063 1067 1068 1072 1073
40: 159 160 161 165 166 167 179 180 184 185 191 192 193 195 196 197 198 199 200 201 202 203 206 207 212 213 214 216 217 218 219 220 221 222 225 226 233 239 242 273 274 289 354 386 389 391 392 393 394 395 396 397 398 399 400 401 465 483 486 488 489 490 492 497 504 510 512 513 514 516 517 519 520 613 616 617 623 625 626 627 638 642 657 670 671 719 735 739 745 770 774 786 794 795 809 813 820 830 831 835 836 845 846 848 849 856 860 861 862 863 864 929 986 1017 1023 1033 1053 1063 1067 1068 1072 1073
45: 159 160 161 165 166 167 179 180 184 185 191 192 193 195 196 197 198 199 200 201 202 203 206 207 212 213 214 216 217 218 219 220 221 222 225 226 233 239 242 273 274 289 354 386 389 391 392 393 394 395 396 397 398 399 400 401 465 483 486 488 489 490 492 497 504 510 512 513 514 516 517 519 520 613 616 617 623 625 626 627 638 642 657 670 671 719 735 739 745 770 774 786 794 795 809 813 820 830 831 835 836 845 846 848 849 856 860 861 862 863 864 929 986 1017 1023 1033 1053 1063 1067 1068 1072 1073
50: 159 160 161 165 166 167 179 180 184 185 191 192 193 195 196 197 198 199 200 201 202 203 206 207 212 213 214 216 217 218 219 220 221 222 225 226 233 239 242 273 274 289 354 386 389 391 392 393 394 395 396 397 398 399 400 401 465 483 486 488 489 490 492 497 504 510 512 513 514 516 517 519 520 613 616 617 623 625 626 627 638 642 657 670 671 719 735 739 745 770 774 786 794 795 809 813 820 830 831 835 836 845 846 848 849 856 860 861 862 863 864 929 986 1017 1023 1033 1053 1063 1067 1068 1072 1073
55: 159 160 161 165 166 167 179 180 184 185 191 192 193 195 196 197 198 199 200 201 202 203 206 207 212 213 214 216 217 218 219 220 221 222 225 226 233 239 242 273 274 289 354 386 389 391 392 393 394 395 396 397 398 399 400 401 465 483 486 488 489 490 492 497 504 510 512 513 514 516 517 519 520 613 616 617 623 625 626 627 638 642 657 670 671 719 735 739 745 770 774 786 794 795 809 813 820 830 831 835 836 845 846 848 849 856 860 861 862 863 864 929 986 1017 1023 1033 1053 1063 1067 1068 1072 1073
60: 159 160 161 165 166 167 179 180 184 185 191 192 193 195 196 197 198 199 200 201 202 203 206 207 212 213 214 216 217 218 219 220 221 222 225 226 233 239 242 273 274 289 354 386 389 391 392 393 394 395 396 397 398 399 400 401 465 483 486 488 489 490 492 497 504 510 512 513 514 516 517 519 520 613 616 617 623 625 626 627 638 642 657 670 671 719 735 739 745 770 774 786 794 795 809 813 820 830 831 835 836 845 846 848 849 856 860 861 862 863 864 929 986 1017 1023 1033 1053 1063 1067 1068 1072 1073
65: 159 160 161 165 166 167 179 180 184 185 191 192 193 195 196 197 198 199 200 201 202 203 206 207 212 213 214 216 217 218 219 220 221 222 225 226 233 239 242 273 274 289 354 386 389 391 392 393 394 395 396 397 398 399 400 401 465 483 486 488 489 490 492 497 504 510 512 513 514 516 517 519 520 613 616 617 623 625 626 627 638 642 657 670 671 719 735 739 745 770 774 786 794 795 809 813 820 830 831 835 836 845 846 848 849 856 860 861 862 863 864 929 986 1017 1023 1033 1053 1063 1067 1068 1072 1073
70: 159 160 161 165 166 167 179 180 184 185 191 192 193 195 196 197 198 199 200 201 202 203 206 207 212 213 214 216 217 218 219 220 221 222 225 226 233 239 242 273 274 289 354 386 389 391 392 393 394 395 396 397 398 399 400 401 465 483 486 488 489 490 492 497 504 510 512 513 514 516 517 519 520 613 616 617 623 625 626 627 638 642 657 670 671 719 735 739 745 770 774 786 794 795 809 813 820 830 831 835 836 845 846 848 849 856 860 861 862 863 864 929 986 1017 1023 1033 1053 1063 1067 1068 1072 1073
75: 159 160 161 165 166 167 179 180 184 185 191 192 193 195 196 197 198 199 200 201 202 203 206 207 212 213 214 216 217 218 219 220 221 222 225 226 233 239 242 273 274 289 354 386 389 391 392 393 394 395 396 397 398 399 400 401 465 483 486 488 489 490 492 497 504 510 512 513 514 516 517 519 520 613 616 617 623 625 626 627 638 642 657 670 671 719 735 739 745 770 774 786 794 795 809 813 820 830 831 835 836 845 846 848 849 856 860 861 862 863 864 929 986 1017 1023 1033 1053 1063 1067 1068 1072 1073
80: 159 160 161 165 166 167 179 180 184 185 191 192 193 195 196 197 198 199 200 201 202 203 206 207 212 213 214 216 217 218 219 220 221 222 225 226 233 239 242 273 274 289 354 386 389 391 392 393 394 395 396 397 398 399 400 401 465 483 486 488 489 490 492 497 504 510 512 513 514 516 517 519 520 613 616 617 623 625 626 627 638 642 657 670 671 719 735 739 745 770 774 786 794 795 809 813 820 830 831 835 836 845 846 848 849 856 860 861 862 863 864 929 986 1017 1023 1033 1053 1063 1067 1068 1072 1073
85: 159 160 161 165 166 167 179 180 184 185 191 192 193 195 196 197 198 199 200 201 202 203 206 207 212 213 214 216 217 218 219 220 221 222 225 226 233 239 242 273 274 289 354 386 389 391 392 393 394 395 396 397 398 399 400 401 465 483 486 488 489 490 492 497 504 510 512 513 514 516 517 519 520 613 616 617 623 625 626 627 638 642 657 670 671 719 735 739 745 770 774 786 794 795 809 813 820 830 831 835 836 845 846 848 849 856 860 861 862 863 864 929 986 1017 1023 1033 1053 1063 1067 1068 1072 1073
90: 159 160 161 165 166 167 179 180 184 185 191 192 193 195 196 197 198 199 200 201 202 203 206 207 212 213 214 216 217 218 219 220 221 222 225 226 233 239 242 273 274 289 354 386 389 391 392 393 394 395 396 397 398 399 400 401 465 483 486 488 489 490 492 497 504 510 512 513 514 516 517 519 520 613 616 617 623 625 626 627 638 642 657 670 671 719 735 739 745 770 774 786 794 795 809 813 820 830 831 835 836 845 846 848 849 856 860 861 862 863 864 929 986 1017 1023 1033 1053 1063 1067 1068 1072 1073
95: 159 160 161 165 166 167 179 180 184 185 191 192 193 195 196 197 198 199 200 201 202 203 206 207 212 213 214 216 217 218 219 220 221 222 225 226 233 239 242 273 274 289 354 386 389 391 392 393 394 395 396 397 398 399 400 401 465 483 486 488 489 490 492 497 504 510 512 513 514 516 517 519 520 613 616 617 623 625 626 627 638 642 657 670 671 719 735 739 745 770 774 786 794 795 809 813 820 830 831 835 836 845 846 848 849 856 860 861 862 863 864 929 986 1017 1023 1033 1053 1063 1067 1068 1072 1073
100: 159 160 161 165 166 167 179 180 184 185 191 192 193 195 196 197 198 199 200 201 202 203 206 207 212 213 214 216 217 218 219 220 221 222 225 226 233 239 242 273 274 289 354 386 389 391 392 393 394 395 396 397 398 399 400 401 465 483 486 488 489 490 492 497 504 510 512 513 514 516 517 519 520 613 616 617 623 625 626 627 638 642 657 670 671 719 735 739 745 770 774 786 794 795 809 813 820 830 831 835 836 845 846 848 849 856 860 861 862 863 864 929 986 1017 1023 1033 1053 1063 1067 1068 1072 1073
