5: 159 160 161 165 166 167 179 180 184 185 191 192 193 195 196 197 198 199 200 201 202 203 206 207 212 213 214 216 217 218 219 220 221 222 225 226 231 233 237 239 257 268 269 273 274 285 316 354 379 386 389 401 412 423 463 472 475 477 479 481 483 484 485 486 488 489 490 492 495 496 497 499 502 504 506 510 512 513 514 523 524 525 531 532 533 613 617 621 623 743 780 826 830 831 835 836 842 846 848 849 852 856 893 980 1067 1068 1072 1073
10: 25 38 159 160 161 165 166 167 170 179 180 184 185 191 192 193 195 196 197 198 199 200 201 202 203 206 207 212 213 214 216 217 218 219 220 221 222 225 226 231 233 237 239 257 268 269 273 274 285 316 354 379 386 389 401 412 423 463 472 475 477 479 481 483 484 485 486 488 489 490 492 495 496 497 499 502 504 506 510 512 513 514 523 524 525 531 532 533 613 617 621 623 656 734 743 744 780 826 830 831 835 836 842 846 848 849 852 856 893 980 991 1067 1068 1072 1073
15: 25 38 159 160 161 165 166 167 170 179 180 184 185 191 192 193 195 196 197 198 199 200 201 202 203 206 207 212 213 214 216 217 218 219 220 221 222 225 226 231 233 237 239 257 268 269 273 274 285 316 354 379 386 389 401 412 423 463 472 475 477 479 481 483 484 485 486 488 489 490 492 495 496 497 499 502 504 506 510 512 513 514 523 524 525 531 532 533 613 617 621 623 656 734 743 744 780 826 830 831 835 836 842 846 848 849 852 856 893 980 991 1067 1068 1072 1073
20: 25 38 159 160 161 165 166 167 170 179 180 184 185 191 192 193 195 196 197 198 199 200 201 202 203 206 207 212 213 214 216 217 218 219 220 221 222 225 226 231 233 237 239 257 268 269 273 274 285 316 354 379 386 389 401 412 423 463 472 475 477 479 481 483 484 485 486 488 489 490 492 495 496 497 499 502 504 506 510 512 513 514 523 524 525 531 532 533 613 617 621 623 656 734 743 744 780 826 830 831 835 836 842 846 848 849 852 856 893 980 991 1067 1068 1072 1073
25: 25 38 159 160 161 165 166 167 170 179 180 184 185 191 192 193 195 196 197 198 199 200 201 202 203 206 207 212 213 214 216 217 218 219 220 221 222 225 226 231 233 237 239 257 268 269 273 274 285 316 354 379 386 389 401 412 423 463 472 475 477 479 481 483 484 485 486 488 489 490 492 495 496 497 499 502 504 506 510 512 513 514 523 524 525 531 532 533 613 617 621 623 656 734 743 744 780 826 830 831 835 836 842 846 848 849 852 856 893 980 991 1067 1068 1072 1073
30: 25 38 159 160 161 165 166 167 170 179 180 184 185 191 192 193 195 196 197 198 199 200 201 202 203 206 207 212 213 214 216 217 218 219 220 221 222 225 226 231 233 237 239 257 268 269 273 274 285 316 354 379 386 389 401 412 423 463 472 475 477 479 481 483 484 485 486 488 489 490 492 495 496 497 499 502 504 506 510 512 513 514 523 524 525 531 532 533 613 617 621 623 656 734 743 744 780 826 830 831 835 836 842 846 848 849 852 856 893 980 991 1067 1068 1072 1073
35: 25 38 159 160 161 165 166 167 170 179 180 184 185 191 192 193 195 196 197 198 199 200 201 202 203 206 207 212 213 214 216 217 218 219 220 221 222 225 226 231 233 237 239 257 268 269 273 274 285 316 354 379 386 389 401 412 423 463 472 475 477 479 481 483 484 485 486 488 489 490 492 495 496 497 499 502 504 506 510 512 513 514 523 524 525 531 532 533 613 617 621 623 656 734 743 744 780 826 830 831 835 836 842 846 848 849 852 856 893 980 991 1067 1068 1072 1073
40: 25 38 159 160 161 165 166 167 170 179 180 184 185 191 192 193 195 196 197 198 199 200 201 202 203 206 207 212 213 214 216 217 218 219 220 221 222 225 226 231 233 237 239 257 268 269 273 274 285 316 354 379 386 389 401 412 423 463 472 475 477 479 481 483 484 485 486 488 489 490 492 495 496 497 499 502 504 506 510 512 513 514 523 524 525 531 532 533 613 617 621 623 656 734 743 744 780 826 830 831 835 836 842 846 848 849 852 856 893 980 991 1067 1068 1072 1073
45: 25 38 159 160 161 165 166 167 170 179 180 184 185 191 192 193 195 196 197 198 199 200 201 202 203 206 207 212 213 214 216 217 218 219 220 221 222 225 226 231 233 237 239 257 268 269 273 274 285 316 354 379 386 389 401 412 423 463 472 475 477 479 481 483 484 485 486 488 489 490 492 495 496 497 499 502 504 506 510 512 513 514 523 524 525 531 532 533 613 617 621 623 656 734 743 744 780 826 830 831 835 836 842 846 848 849 852 856 893 980 991 1067 1068 1072 1073
50: 25 38 159 160 161 165 166 167 170 179 180 184 185 191 192 193 195 196 197 198 199 200 201 202 203 206 207 212 213 214 216 217 218 219 220 221 222 225 226 231 233 237 239 257 268 269 273 274 285 316 354 379 386 389 401 412 423 463 472 475 477 479 481 483 484 485 486 488 489 490 492 495 496 497 499 502 504 506 510 512 513 514 523 524 525 531 532 533 613 617 621 623 656 734 743 744 780 826 830 831 835 836 842 846 848 849 852 856 893 980 991 1067 1068 1072 1073
55: 25 38 159 160 161 165 166 167 170 179 180 184 185 191 192 193 195 196 197 198 199 200 201 202 203 206 207 212 213 214 216 217 218 219 220 221 222 225 226 231 233 237 239 257 268 269 273 274 285 316 354 379 386 389 401 412 423 463 472 475 477 479 481 483 484 485 486 488 489 490 492 495 496 497 499 502 504 506 510 512 513 514 523 524 525 531 532 533 613 617 621 623 656 734 743 744 780 826 830 831 835 836 842 846 848 849 852 856 893 980 991 1067 1068 1072 1073
60: 25 38 159 160 161 165 166 167 170 179 180 184 185 191 192 193 195 196 197 198 199 200 201 202 203 206 207 212 213 214 216 217 218 219 220 221 222 225 226 231 233 237 239 257 268 269 273 274 285 316 354 379 386 389 401 412 423 463 472 475 477 479 481 483 484 485 486 488 489 490 492 495 496 497 499 502 504 506 510 512 513 514 523 524 525 531 532 533 613 617 621 623 656 734 743 744 780 826 830 831 835 836 842 846 848 849 852 856 893 980 991 1067 1068 1072 1073
65: 25 38 159 160 161 165 166 167 170 179 180 184 185 191 192 193 195 196 197 198 199 200 201 202 203 206 207 212 213 214 216 217 218 219 220 221 222 225 226 231 233 237 239 257 268 269 273 274 285 316 354 379 386 389 401 412 423 463 472 475 477 479 481 483 484 485 486 488 489 490 492 495 496 497 499 502 504 506 510 512 513 514 523 524 525 531 532 533 613 617 621 623 656 734 743 744 780 826 830 831 835 836 842 846 848 849 852 856 893 980 991 1067 1068 1072 1073
70: 25 38 159 160 161 165 166 167 170 179 180 184 185 191 192 193 195 196 197 198 199 200 201 202 203 206 207 212 213 214 216 217 218 219 220 221 222 225 226 231 233 237 239 257 268 269 273 274 285 316 354 379 386 389 401 412 423 463 472 475 477 479 481 483 484 485 486 488 489 490 492 495 496 497 499 502 504 506 510 512 513 514 523 524 525 531 532 533 613 617 621 623 656 734 743 744 780 826 830 831 835 836 842 846 848 849 852 856 893 980 991 1067 1068 1072 1073
75: 25 38 159 160 161 165 166 167 170 179 180 184 185 191 192 193 195 196 197 198 199 200 201 202 203 206 207 212 213 214 216 217 218 219 220 221 222 225 226 231 233 237 239 257 268 269 273 274 285 316 354 379 386 389 401 412 423 463 472 475 477 479 481 483 484 485 486 488 489 490 492 495 496 497 499 502 504 506 510 512 513 514 523 524 525 531 532 533 613 617 621 623 656 734 743 744 780 826 830 831 835 836 842 846 848 849 852 856 893 980 991 1067 1068 1072 1073
80: 25 38 159 160 161 165 166 167 170 179 180 184 185 191 192 193 195 196 197 198 199 200 201 202 203 206 207 212 213 214 216 217 218 219 220 221 222 225 226 231 233 237 239 257 268 269 273 274 285 316 354 379 386 389 401 412 423 463 472 475 477 479 481 483 484 485 486 488 489 490 492 495 496 497 499 502 504 506 510 512 513 514 523 524 525 531 532 533 613 617 621 623 656 734 743 744 780 826 830 831 835 836 842 846 848 849 852 856 893 980 991 1067 1068 1072 1073
85: 25 38 159 160 161 165 166 167 170 179 180 184 185 191 192 193 195 196 197 198 199 200 201 202 203 206 207 212 213 214 216 217 218 219 220 221 222 225 226 231 233 237 239 257 268 269 273 274 285 316 354 379 386 389 401 412 423 463 472 475 477 479 481 483 484 485 486 488 489 490 492 495 496 497 499 502 504 506 510 512 513 514 523 524 525 531 532 533 613 617 621 623 656 734 743 744 780 826 830 831 835 836 842 846 848 849 852 856 893 980 991 1067 1068 1072 1073
90: 25 38 159 160 161 165 166 167 170 179 180 184 185 191 192 193 195 196 197 198 199 200 201 202 203 206 207 212 213 214 216 217 218 219 220 221 222 225 226 231 233 237 239 257 268 269 273 274 285 316 354 379 386 389 401 412 423 463 472 475 477 479 481 483 484 485 486 488 489 490 492 495 496 497 499 502 504 506 510 512 513 514 523 524 525 531 532 533 613 617 621 623 656 734 743 744 780 826 830 831 835 836 842 846 848 849 852 856 893 980 991 1067 1068 1072 1073
95: 25 38 159 160 161 165 166 167 170 179 180 184 185 191 192 193 195 196 197 198 199 200 201 202 203 206 207 212 213 214 216 217 218 219 220 221 222 225 226 231 233 237 239 257 268 269 273 274 285 316 354 379 386 389 401 412 423 463 472 475 477 479 481 483 484 485 486 488 489 490 492 495 496 497 499 502 504 506 510 512 513 514 523 524 525 531 532 533 613 617 621 623 656 734 743 744 780 826 830 831 835 836 842 846 848 849 852 856 893 980 991 1067 1068 1072 1073
100: 25 38 159 160 161 165 166 167 170 179 180 184 185 191 192 193 195 196 197 198 199 200 201 202 203 206 207 212 213 214 216 217 218 219 220 221 222 225 226 231 233 237 239 257 268 269 273 274 285 316 354 379 386 389 401 412 423 463 472 475 477 479 481 483 484 485 486 488 489 490 492 495 496 497 499 502 504 506 510 512 513 514 523 524 525 531 532 533 613 617 621 623 656 734 743 744 780 826 830 831 835 836 842 846 848 849 852 856 893 980 991 1067 1068 1072 1073
