5: 159 160 161 165 166 167 179 180 184 185 191 192 193 195 196 197 198 199 200 201 202 203 206 207 212 213 214 216 217 218 219 220 221 222 225 226 233 239 273 274 354 386 389 391 392 393 394 395 396 397 398 399 400 401 412 423 463 472 473 475 476 477 479 480 481 483 484 485 486 488 489 490 492 497 504 510 512 513 514 516 517 519 520 613 616 617 621 622 623 625 627 670 718 726 727 745 755 756 779 830 831 835 836 842 845 846 848 849 852 855 856 858 870 955 963 964 972 982 992 993 1067 1068 1072 1073
10: 159 160 161 165 166 167 179 180 184 185 191 192 193 195 199 200 202 206 207 212 213 214 216 217 218 219 220 225 226 233 239 269 273 274 354 386 389 391 392 393 394 395 396 397 398 399 400 401 423 472 475 476 483 486 488 489 490 492 497 504 510 512 513 514 516 517 519 520 613 616 617 623 641 726 727 729 735 736 741 745 747 755 756 758 761 767 768 793 830 831 835 836 842 845 846 848 849 852 855 856 963 964 966 972 973 974 979 982 992 993 995 998 1011 1030 1047 1048 1058 1067 1072 1073
15: 159 160 161 165 166 167 179 180 184 185 191 192 193 195 196 197 198 199 200 201 202 203 206 207 212 213 214 216 217 218 219 220 221 222 225 226 233 239 269 273 274 354 386 389 391 392 393 394 395 396 397 398 399 400 401 412 423 463 472 473 475 476 477 479 480 481 483 484 485 486 488 489 490 492 497 504 510 512 513 514 516 517 519 520 613 616 617 621 622 623 625 627 641 670 700 718 726 727 729 735 736 741 745 747 755 756 758 761 767 768 779 793 802 811 830 831 835 836 842 845 846 848 849 852 855 856 858 870 955 963 964 966 972 973 974 979 982 992 993 995 998 1011 1030 1047 1048 1058 1067 1068 1072 1073
20: 159 160 161 165 166 167 179 180 184 185 191 192 193 195 196 197 198 199 200 201 202 203 206 207 212 213 214 216 217 218 219 220 221 222 225 226 233 239 269 273 274 354 386 389 391 392 393 394 395 396 397 398 399 400 401 412 423 463 472 473 475 476 477 479 480 481 483 484 485 486 488 489 490 492 497 504 510 512 513 514 516 517 519 520 613 616 617 621 622 623 625 627 641 670 700 718 726 727 729 735 736 741 745 747 755 756 758 761 767 768 779 793 802 811 830 831 835 836 842 845 846 848 849 852 855 856 858 870 955 963 964 966 972 973 974 979 982 992 993 995 998 1011 1030 1047 1048 1058 1067 1068 1072 1073
25: 159 160 161 165 166 167 179 180 184 185 191 192 193 195 196 197 198 199 200 201 202 203 206 207 212 213 214 216 217 218 219 220 221 222 225 226 233 239 269 273 274 354 386 389 391 392 393 394 395 396 397 398 399 400 401 412 423 463 472 473 475 476 477 479 480 481 483 484 485 486 488 489 490 492 497 504 510 512 513 514 516 517 519 520 613 616 617 621 622 623 625 627 641 670 700 718 726 727 729 735 736 741 745 747 755 756 758 761 767 768 779 793 802 811 830 831 835 836 842 845 846 848 849 852 855 856 858 870 955 963 964 966 972 973 974 979 982 992 993 995 998 1011 1030 1047 1048 1058 1067 1068 1072 1073
30: 159 160 161 165 166 167 179 180 184 185 191 192 193 195 196 197 198 199 200 201 202 203 206 207 212 213 214 216 217 218 219 220 221 222 225 226 233 239 269 273 274 354 386 389 391 392 393 394 395 396 397 398 399 400 401 412 423 463 472 473 475 476 477 479 480 481 483 484 485 486 488 489 490 492 497 504 510 512 513 514 516 517 519 520 613 616 617 621 622 623 625 627 641 670 700 718 726 727 729 735 736 741 745 747 755 756 758 761 767 768 779 793 802 811 830 831 835 836 842 845 846 848 849 852 855 856 858 870 955 963 964 966 972 973 974 979 982 992 993 995 998 1011 1030 1047 1048 1058 1067 1068 1072 1073
35: 159 160 161 165 166 167 179 180 184 185 191 192 193 195 196 197 198 199 200 201 202 203 206 207 212 213 214 216 217 218 219 220 221 222 225 226 233 239 269 273 274 354 386 389 391 392 393 394 395 396 397 398 399 400 401 412 423 463 472 473 475 476 477 479 480 481 483 484 485 486 488 489 490 492 497 504 510 512 513 514 516 517 519 520 613 616 617 621 622 623 625 627 641 670 700 718 726 727 729 735 736 741 745 747 755 756 758 761 767 768 779 793 802 811 830 831 835 836 842 845 846 848 849 852 855 856 858 870 955 963 964 966 972 973 974 979 982 992 993 995 998 1011 1030 1047 1048 1058 1067 1068 1072 1073
40: 159 160 161 165 166 167 179 180 184 185 191 192 193 195 196 197 198 199 200 201 202 203 206 207 212 213 214 216 217 218 219 220 221 222 225 226 233 239 269 273 274 354 386 389 391 392 393 394 395 396 397 398 399 400 401 412 423 463 472 473 475 476 477 479 480 481 483 484 485 486 488 489 490 492 497 504 510 512 513 514 516 517 519 520 613 616 617 621 622 623 625 627 641 670 700 718 726 727 729 735 736 741 745 747 755 756 758 761 767 768 779 793 802 811 830 831 835 836 842 845 846 848 849 852 855 856 858 870 955 963 964 966 972 973 974 979 982 992 993 995 998 1011 1030 1047 1048 1058 1067 1068 1072 1073
45: 159 160 161 165 166 167 179 180 184 185 191 192 193 195 196 197 198 199 200 201 202 203 206 207 212 213 214 216 217 218 219 220 221 222 225 226 233 239 269 273 274 354 386 389 391 392 393 394 395 396 397 398 399 400 401 412 423 463 472 473 475 476 477 479 480 481 483 484 485 486 488 489 490 492 497 504 510 512 513 514 516 517 519 520 613 616 617 621 622 623 625 627 641 670 700 718 726 727 729 735 736 741 745 747 755 756 758 761 767 768 779 793 802 811 830 831 835 836 842 845 846 848 849 852 855 856 858 870 955 963 964 966 972 973 974 979 982 992 993 995 998 1011 1030 1047 1048 1058 1067 1068 1072 1073
50: 159 160 161 165 166 167 179 180 184 185 191 192 193 195 196 197 198 199 200 201 202 203 206 207 212 213 214 216 217 218 219 220 221 222 225 226 233 239 269 273 274 354 386 389 391 392 393 394 395 396 397 398 399 400 401 412 423 463 472 473 475 476 477 479 480 481 483 484 485 486 488 489 490 492 497 504 510 512 513 514 516 517 519 520 613 616 617 621 622 623 625 627 641 670 700 718 726 727 729 735 736 741 745 747 755 756 758 761 767 768 779 793 802 811 830 831 835 836 842 845 846 848 849 852 855 856 858 870 955 963 964 966 972 973 974 979 982 992 993 995 998 1011 1030 1047 1048 1058 1067 1068 1072 1073
55: 159 160 161 165 166 167 179 180 184 185 191 192 193 195 196 197 198 199 200 201 202 203 206 207 212 213 214 216 217 218 219 220 221 222 225 226 233 239 269 273 274 354 386 389 391 392 393 394 395 396 397 398 399 400 401 412 423 463 472 473 475 476 477 479 480 481 483 484 485 486 488 489 490 492 497 504 510 512 513 514 516 517 519 520 613 616 617 621 622 623 625 627 641 670 700 718 726 727 729 735 736 741 745 747 755 756 758 761 767 768 779 793 802 811 830 831 835 836 842 845 846 848 849 852 855 856 858 870 955 963 964 966 972 973 974 979 982 992 993 995 998 1011 1030 1047 1048 1058 1067 1068 1072 1073
60: 159 160 161 165 166 167 179 180 184 185 191 192 193 195 196 197 198 199 200 201 202 203 206 207 212 213 214 216 217 218 219 220 221 222 225 226 233 239 269 273 274 354 386 389 391 392 393 394 395 396 397 398 399 400 401 412 423 463 472 473 475 476 477 479 480 481 483 484 485 486 488 489 490 492 497 504 510 512 513 514 516 517 519 520 613 616 617 621 622 623 625 627 641 670 700 718 726 727 729 735 736 741 745 747 755 756 758 761 767 768 779 793 802 811 830 831 835 836 842 845 846 848 849 852 855 856 858 870 955 963 964 966 972 973 974 979 982 992 993 995 998 1011 1030 1047 1048 1058 1067 1068 1072 1073
65: 159 160 161 165 166 167 179 180 184 185 191 192 193 195 196 197 198 199 200 201 202 203 206 207 212 213 214 216 217 218 219 220 221 222 225 226 233 239 269 273 274 354 386 389 391 392 393 394 395 396 397 398 399 400 401 412 423 463 472 473 475 476 477 479 480 481 483 484 485 486 488 489 490 492 497 504 510 512 513 514 516 517 519 520 613 616 617 621 622 623 625 627 641 670 700 718 726 727 729 735 736 741 745 747 755 756 758 761 767 768 779 793 802 811 830 831 835 836 842 845 846 848 849 852 855 856 858 870 955 963 964 966 972 973 974 979 982 992 993 995 998 1011 1030 1047 1048 1058 1067 1068 1072 1073
70: 159 160 161 165 166 167 179 180 184 185 191 192 193 195 196 197 198 199 200 201 202 203 206 207 212 213 214 216 217 218 219 220 221 222 225 226 233 239 269 273 274 354 386 389 391 392 393 394 395 396 397 398 399 400 401 412 423 463 472 473 475 476 477 479 480 481 483 484 485 486 488 489 490 492 497 504 510 512 513 514 516 517 519 520 613 616 617 621 622 623 625 627 641 670 700 718 726 727 729 735 736 741 745 747 755 756 758 761 767 768 779 793 802 811 830 831 835 836 842 845 846 848 849 852 855 856 858 870 955 963 964 966 972 973 974 979 982 992 993 995 998 1011 1030 1047 1048 1058 1067 1068 1072 1073
75: 159 160 161 165 166 167 179 180 184 185 191 192 193 195 196 197 198 199 200 201 202 203 206 207 212 213 214 216 217 218 219 220 221 222 225 226 233 239 269 273 274 354 386 389 391 392 393 394 395 396 397 398 399 400 401 412 423 463 472 473 475 476 477 479 480 481 483 484 485 486 488 489 490 492 497 504 510 512 513 514 516 517 519 520 613 616 617 621 622 623 625 627 641 670 700 718 726 727 729 735 736 741 745 747 755 756 758 761 767 768 779 793 802 811 830 831 835 836 842 845 846 848 849 852 855 856 858 870 955 963 964 966 972 973 974 979 982 992 993 995 998 1011 1030 1047 1048 1058 1067 1068 1072 1073
80: 159 160 161 165 166 167 179 180 184 185 191 192 193 195 196 197 198 199 200 201 202 203 206 207 212 213 214 216 217 218 219 220 221 222 225 226 233 239 269 273 274 354 386 389 391 392 393 394 395 396 397 398 399 400 401 412 423 463 472 473 475 476 477 479 480 481 483 484 485 486 488 489 490 492 497 504 510 512 513 514 516 517 519 520 613 616 617 621 622 623 625 627 641 670 700 718 726 727 729 735 736 741 745 747 755 756 758 761 767 768 779 793 802 811 830 831 835 836 842 845 846 848 849 852 855 856 858 870 955 963 964 966 972 973 974 979 982 992 993 995 998 1011 1030 1047 1048 1058 1067 1068 1072 1073
85: 159 160 161 165 166 167 179 180 184 185 191 192 193 195 196 197 198 199 200 201 202 203 206 207 212 213 214 216 217 218 219 220 221 222 225 226 233 239 269 273 274 354 386 389 391 392 393 394 395 396 397 398 399 400 401 412 423 463 472 473 475 476 477 479 480 481 483 484 485 486 488 489 490 492 497 504 510 512 513 514 516 517 519 520 613 616 617 621 622 623 625 627 641 670 700 718 726 727 729 735 736 741 745 747 755 756 758 761 767 768 779 793 802 811 830 831 835 836 842 845 846 848 849 852 855 856 858 870 955 963 964 966 972 973 974 979 982 992 993 995 998 1011 1030 1047 1048 1058 1067 1068 1072 1073
90: 159 160 161 165 166 167 179 180 184 185 191 192 193 195 196 197 198 199 200 201 202 203 206 207 212 213 214 216 217 218 219 220 221 222 225 226 233 239 269 273 274 354 386 389 391 392 393 394 395 396 397 398 399 400 401 412 423 463 472 473 475 476 477 479 480 481 483 484 485 486 488 489 490 492 497 504 510 512 513 514 516 517 519 520 613 616 617 621 622 623 625 627 641 670 700 718 726 727 729 735 736 741 745 747 755 756 758 761 767 768 779 793 802 811 830 831 835 836 842 845 846 848 849 852 855 856 858 870 955 963 964 966 972 973 974 979 982 992 993 995 998 1011 1030 1047 1048 1058 1067 1068 1072 1073
95: 159 160 161 165 166 167 179 180 184 185 191 192 193 195 196 197 198 199 200 201 202 203 206 207 212 213 214 216 217 218 219 220 221 222 225 226 233 239 269 273 274 354 386 389 391 392 393 394 395 396 397 398 399 400 401 412 423 463 472 473 475 476 477 479 480 481 483 484 485 486 488 489 490 492 497 504 510 512 513 514 516 517 519 520 613 616 617 621 622 623 625 627 641 670 700 718 726 727 729 735 736 741 745 747 755 756 758 761 767 768 779 793 802 811 830 831 835 836 842 845 846 848 849 852 855 856 858 870 955 963 964 966 972 973 974 979 982 992 993 995 998 1011 1030 1047 1048 1058 1067 1068 1072 1073
100: 159 160 161 165 166 167 179 180 184 185 191 192 193 195 196 197 198 199 200 201 202 203 206 207 212 213 214 216 217 218 219 220 221 222 225 226 233 239 269 273 274 354 386 389 391 392 393 394 395 396 397 398 399 400 401 412 423 463 472 473 475 476 477 479 480 481 483 484 485 486 488 489 490 492 497 504 510 512 513 514 516 517 519 520 613 616 617 621 622 623 625 627 641 670 700 718 726 727 729 735 736 741 745 747 755 756 758 761 767 768 779 793 802 811 830 831 835 836 842 845 846 848 849 852 855 856 858 870 955 963 964 966 972 973 974 979 982 992 993 995 998 1011 1030 1047 1048 1058 1067 1068 1072 1073
