5: 159 160 161 165 166 167 179 180 184 185 191 192 193 195 196 197 198 199 200 201 202 203 206 207 212 213 214 216 217 218 219 220 221 222 225 226 233 239 273 274 354 356 386 389 391 392 393 394 395 396 397 398 399 400 401 483 486 488 489 490 492 497 504 510 512 513 514 516 517 519 520 617 622 623 625 627 670 775 835 836 846 856 864 865 870 1007 1017 1028 1049 1067 1072 1073
10: 159 160 161 165 166 167 179 180 184 185 191 192 193 195 196 197 198 199 200 201 202 203 206 207 212 213 214 216 217 218 219 220 221 222 225 226 233 239 273 274 354 356 386 389 391 392 393 394 395 396 397 398 399 400 401 483 486 488 489 490 492 497 504 510 512 513 514 516 517 519 520 617 622 623 625 627 670 775 835 836 846 856 864 865 870 1007 1017 1028 1049 1067 1072 1073
15: 159 160 161 165 166 167 179 180 184 185 191 192 193 195 196 197 198 199 200 201 202 203 206 207 212 213 214 216 217 218 219 220 221 222 225 226 233 239 273 274 354 356 386 389 391 392 393 394 395 396 397 398 399 400 401 483 486 488 489 490 492 497 504 510 512 513 514 516 517 519 520 617 622 623 625 627 670 775 835 836 846 856 864 865 870 1007 1017 1028 1049 1067 1072 1073
20: 159 160 161 165 166 167 179 180 184 185 191 192 193 195 196 197 198 199 200 201 202 203 206 207 212 213 214 216 217 218 219 220 221 222 225 226 233 239 273 274 354 356 386 389 391 392 393 394 395 396 397 398 399 400 401 483 486 488 489 490 492 497 504 510 512 513 514 516 517 519 520 617 622 623 625 627 670 775 835 836 846 856 864 865 870 1007 1017 1028 1049 1067 1072 1073
25: 159 160 161 165 166 167 179 180 184 185 191 192 193 195 196 197 198 199 200 201 202 203 206 207 212 213 214 216 217 218 219 220 221 222 225 226 233 239 273 274 354 356 386 389 391 392 393 394 395 396 397 398 399 400 401 483 486 488 489 490 492 497 504 510 512 513 514 516 517 519 520 617 622 623 625 627 670 775 835 836 846 856 864 865 870 1007 1017 1028 1049 1067 1072 1073
30: 159 160 161 165 166 167 179 180 184 185 191 192 193 195 196 197 198 199 200 201 202 203 206 207 212 213 214 216 217 218 219 220 221 222 225 226 233 239 273 274 354 356 386 389 391 392 393 394 395 396 397 398 399 400 401 483 486 488 489 490 492 497 504 510 512 513 514 516 517 519 520 617 622 623 625 627 670 775 835 836 846 856 864 865 870 1007 1017 1028 1049 1067 1072 1073
35: 159 160 161 165 166 167 179 180 184 185 191 192 193 195 196 197 198 199 200 201 202 203 206 207 212 213 214 216 217 218 219 220 221 222 225 226 233 239 273 274 354 356 386 389 391 392 393 394 395 396 397 398 399 400 401 483 486 488 489 490 492 497 504 510 512 513 514 516 517 519 520 617 622 623 625 627 670 775 835 836 846 856 864 865 870 1007 1017 1028 1049 1067 1072 1073
40: 159 160 161 165 166 167 179 180 184 185 191 192 193 195 196 197 198 199 200 201 202 203 206 207 212 213 214 216 217 218 219 220 221 222 225 226 233 239 273 274 354 356 386 389 391 392 393 394 395 396 397 398 399 400 401 483 486 488 489 490 492 497 504 510 512 513 514 516 517 519 520 617 622 623 625 627 670 775 835 836 846 856 864 865 870 1007 1017 1028 1049 1067 1072 1073
45: 159 160 161 165 166 167 179 180 184 185 191 192 193 195 196 197 198 199 200 201 202 203 206 207 212 213 214 216 217 218 219 220 221 222 225 226 233 239 273 274 354 356 386 389 391 392 393 394 395 396 397 398 399 400 401 483 486 488 489 490 492 497 504 510 512 513 514 516 517 519 520 617 622 623 625 627 670 775 835 836 846 856 864 865 870 1007 1017 1028 1049 1067 1072 1073
50: 159 160 161 165 166 167 179 180 184 185 191 192 193 195 196 197 198 199 200 201 202 203 206 207 212 213 214 216 217 218 219 220 221 222 225 226 233 239 273 274 354 356 386 389 391 392 393 394 395 396 397 398 399 400 401 483 486 488 489 490 492 497 504 510 512 513 514 516 517 519 520 617 622 623 625 627 670 775 835 836 846 856 864 865 870 1007 1017 1028 1049 1067 1072 1073
55: 159 160 161 165 166 167 179 180 184 185 191 192 193 195 196 197 198 199 200 201 202 203 206 207 212 213 214 216 217 218 219 220 221 222 225 226 233 239 273 274 354 356 386 389 391 392 393 394 395 396 397 398 399 400 401 483 486 488 489 490 492 497 504 510 512 513 514 516 517 519 520 617 622 623 625 627 670 775 835 836 846 856 864 865 870 1007 1017 1028 1049 1067 1072 1073
60: 159 160 161 165 166 167 179 180 184 185 191 192 193 195 196 197 198 199 200 201 202 203 206 207 212 213 214 216 217 218 219 220 221 222 225 226 233 239 273 274 354 356 386 389 391 392 393 394 395 396 397 398 399 400 401 483 486 488 489 490 492 497 504 510 512 513 514 516 517 519 520 617 622 623 625 627 670 775 835 836 846 856 864 865 870 1007 1017 1028 1049 1067 1072 1073
65: 159 160 161 165 166 167 179 180 184 185 191 192 193 195 196 197 198 199 200 201 202 203 206 207 212 213 214 216 217 218 219 220 221 222 225 226 233 239 273 274 354 356 386 389 391 392 393 394 395 396 397 398 399 400 401 483 486 488 489 490 492 497 504 510 512 513 514 516 517 519 520 617 622 623 625 627 670 775 835 836 846 856 864 865 870 1007 1017 1028 1049 1067 1072 1073
70: 159 160 161 165 166 167 179 180 184 185 191 192 193 195 196 197 198 199 200 201 202 203 206 207 212 213 214 216 217 218 219 220 221 222 225 226 233 239 273 274 354 356 386 389 391 392 393 394 395 396 397 398 399 400 401 483 486 488 489 490 492 497 504 510 512 513 514 516 517 519 520 617 622 623 625 627 670 775 835 836 846 856 864 865 870 1007 1017 1028 1049 1067 1072 1073
75: 159 160 161 165 166 167 179 180 184 185 191 192 193 195 196 197 198 199 200 201 202 203 206 207 212 213 214 216 217 218 219 220 221 222 225 226 233 239 273 274 354 356 386 389 391 392 393 394 395 396 397 398 399 400 401 483 486 488 489 490 492 497 504 510 512 513 514 516 517 519 520 617 622 623 625 627 670 775 835 836 846 856 864 865 870 1007 1017 1028 1049 1067 1072 1073
80: 159 160 161 165 166 167 179 180 184 185 191 192 193 195 196 197 198 199 200 201 202 203 206 207 212 213 214 216 217 218 219 220 221 222 225 226 233 239 273 274 354 356 386 389 391 392 393 394 395 396 397 398 399 400 401 483 486 488 489 490 492 497 504 510 512 513 514 516 517 519 520 617 622 623 625 627 670 775 835 836 846 856 864 865 870 1007 1017 1028 1049 1067 1072 1073
85: 159 160 161 165 166 167 179 180 184 185 191 192 193 195 196 197 198 199 200 201 202 203 206 207 212 213 214 216 217 218 219 220 221 222 225 226 233 239 273 274 354 356 386 389 391 392 393 394 395 396 397 398 399 400 401 483 486 488 489 490 492 497 504 510 512 513 514 516 517 519 520 617 622 623 625 627 670 775 835 836 846 856 864 865 870 1007 1017 1028 1049 1067 1072 1073
90: 159 160 161 165 166 167 179 180 184 185 191 192 193 195 196 197 198 199 200 201 202 203 206 207 212 213 214 216 217 218 219 220 221 222 225 226 233 239 273 274 354 356 386 389 391 392 393 394 395 396 397 398 399 400 401 483 486 488 489 490 492 497 504 510 512 513 514 516 517 519 520 617 622 623 625 627 670 775 835 836 846 856 864 865 870 1007 1017 1028 1049 1067 1072 1073
95: 159 160 161 165 166 167 179 180 184 185 191 192 193 195 196 197 198 199 200 201 202 203 206 207 212 213 214 216 217 218 219 220 221 222 225 226 233 239 273 274 354 356 386 389 391 392 393 394 395 396 397 398 399 400 401 483 486 488 489 490 492 497 504 510 512 513 514 516 517 519 520 617 622 623 625 627 670 775 835 836 846 856 864 865 870 1007 1017 1028 1049 1067 1072 1073
100: 159 160 161 165 166 167 179 180 184 185 191 192 193 195 196 197 198 199 200 201 202 203 206 207 212 213 214 216 217 218 219 220 221 222 225 226 233 239 273 274 354 356 386 389 391 392 393 394 395 396 397 398 399 400 401 483 486 488 489 490 492 497 504 510 512 513 514 516 517 519 520 617 622 623 625 627 670 775 835 836 846 856 864 865 870 1007 1017 1028 1049 1067 1072 1073
