5: 280 282 296 297 474 476 478 480 522 836 838 878 879 895 908 909 912 913 917 918 960 962 976 986 1002 1003 1024 1026 1043 1048 1049 1050 1071 1072
10: 280 282 287 296 297 474 505 511 522 836 838 878 879 883 895 908 909 912 913 917 918 960 962 976 986 1002 1003 1024 1026 1043 1048 1049 1050 1071
15: 280 282 296 297 505 522 530 531 534 836 838 878 879 883 885 895 908 909 912 913 917 918 960 962 976 986 1002 1024 1026 1043 1048 1049 1050 1071
20: 280 282 287 296 297 474 476 478 480 503 505 511 522 530 531 534 538 836 838 878 879 883 885 895 908 909 912 913 917 918 960 962 976 986 1002 1003 1024 1026 1033 1043 1048 1049 1050 1071 1072
25: 280 282 284 285 286 287 288 289 292 293 296 297 463 465 474 476 478 480 486 487 503 505 511 516 522 529 530 531 534 538 836 838 878 879 883 885 895 908 909 912 913 917 918 960 962 976 986 1002 1003 1024 1026 1033 1043 1048 1049 1050 1071 1072
30: 280 281 282 284 285 286 287 288 289 290 292 293 296 297 463 465 474 476 477 478 480 486 487 503 505 511 516 522 527 529 530 531 534 535 538 836 838 878 879 883 885 895 908 909 912 913 917 918 960 962 976 986 1002 1003 1024 1026 1033 1043 1048 1049 1050 1071 1072
35: 280 281 282 284 285 286 287 288 289 290 292 293 296 297 463 465 474 476 477 478 480 486 487 503 505 511 516 517 522 527 528 529 530 531 534 535 538 836 838 878 879 883 885 895 908 909 912 913 917 918 960 962 976 986 1002 1003 1024 1026 1033 1043 1048 1049 1050 1071 1072
40: 280 281 282 284 285 286 287 288 289 290 292 293 296 297 463 465 474 476 477 478 480 486 487 503 505 511 516 517 522 527 528 529 530 531 534 535 538 836 838 878 879 883 885 895 908 909 912 913 917 918 960 962 976 986 1002 1003 1024 1026 1033 1043 1048 1049 1050 1071 1072
45: 280 281 282 284 285 286 287 288 289 290 292 293 296 297 463 465 474 476 477 478 480 486 487 503 505 511 516 517 522 527 528 529 530 531 534 535 538 836 838 878 879 883 885 895 908 909 912 913 917 918 960 962 976 986 1002 1003 1024 1026 1033 1043 1048 1049 1050 1071 1072
50: 280 281 282 284 285 286 287 288 289 290 292 293 296 297 463 465 474 476 477 478 480 486 487 503 505 511 516 517 522 527 528 529 530 531 534 535 538 836 838 878 879 883 885 895 908 909 912 913 917 918 960 962 976 986 1002 1003 1024 1026 1033 1043 1048 1049 1050 1071 1072
55: 280 281 282 284 285 286 287 288 289 290 292 293 296 297 463 465 474 476 477 478 480 486 487 503 505 511 516 517 522 527 528 529 530 531 534 535 538 836 838 878 879 883 885 895 908 909 912 913 917 918 960 962 976 986 1002 1003 1024 1026 1033 1043 1048 1049 1050 1071 1072
60: 280 281 282 284 285 286 287 288 289 290 292 293 296 297 463 465 474 476 477 478 480 486 487 503 505 511 516 517 522 527 528 529 530 531 534 535 538 836 838 878 879 883 885 895 908 909 912 913 917 918 960 962 976 986 1002 1003 1024 1026 1033 1043 1048 1049 1050 1071 1072
65: 280 281 282 284 285 286 287 288 289 290 292 293 296 297 463 465 474 476 477 478 480 486 487 503 505 511 516 517 522 527 528 529 530 531 534 535 538 836 838 878 879 883 885 895 908 909 912 913 917 918 960 962 976 986 1002 1003 1024 1026 1033 1043 1048 1049 1050 1071 1072
70: 280 281 282 284 285 286 287 288 289 290 292 293 296 297 463 465 474 476 477 478 480 486 487 503 505 511 516 517 522 527 528 529 530 531 534 535 538 836 838 878 879 883 885 895 908 909 912 913 917 918 960 962 976 986 1002 1003 1024 1026 1033 1043 1048 1049 1050 1071 1072
75: 280 281 282 284 285 286 287 288 289 290 292 293 296 297 463 465 474 476 477 478 480 486 487 503 505 511 516 517 522 527 528 529 530 531 534 535 538 836 838 878 879 883 885 895 908 909 912 913 917 918 960 962 976 986 1002 1003 1024 1026 1033 1043 1048 1049 1050 1071 1072
80: 280 281 282 284 285 286 287 288 289 290 292 293 296 297 463 465 474 476 477 478 480 486 487 503 505 511 516 517 522 527 528 529 530 531 534 535 538 836 838 878 879 883 885 895 908 909 912 913 917 918 960 962 976 986 1002 1003 1024 1026 1033 1043 1048 1049 1050 1071 1072
85: 280 281 282 284 285 286 287 288 289 290 292 293 296 297 463 465 474 476 477 478 480 486 487 503 505 511 516 517 522 527 528 529 530 531 534 535 538 836 838 878 879 883 885 895 908 909 912 913 917 918 960 962 976 986 1002 1003 1024 1026 1033 1043 1048 1049 1050 1071 1072
90: 280 281 282 284 285 286 287 288 289 290 292 293 296 297 463 465 474 476 477 478 480 486 487 503 505 511 516 517 522 527 528 529 530 531 534 535 538 836 838 878 879 883 885 895 908 909 912 913 917 918 960 962 976 986 1002 1003 1024 1026 1033 1043 1048 1049 1050 1071 1072
95: 280 281 282 284 285 286 287 288 289 290 292 293 296 297 463 465 474 476 477 478 480 486 487 503 505 511 516 517 522 527 528 529 530 531 534 535 538 836 838 878 879 883 885 895 908 909 912 913 917 918 960 962 976 986 1002 1003 1024 1026 1033 1043 1048 1049 1050 1071 1072
100: 280 281 282 284 285 286 287 288 289 290 292 293 296 297 463 465 474 476 477 478 480 486 487 503 505 511 516 517 522 527 528 529 530 531 534 535 538 836 838 878 879 883 885 895 908 909 912 913 917 918 960 962 976 986 1002 1003 1024 1026 1033 1043 1048 1049 1050 1071 1072
