5: 280 282 286 287 289 290 292 293 296 297 836 878 879 883 885 895 908 909 917
10: 280 282 284 285 286 287 288 289 290 292 293 296 297 465 474 477 478 486 487 505 836 838 878 879 883 885 895 908 909 912 913 917 918
15: 280 282 284 285 286 287 288 289 290 292 293 296 297 465 474 477 478 486 487 505 528 529 530 836 838 878 879 883 885 895 908 909 912 913 917 918
20: 280 282 284 285 286 287 288 289 290 292 293 296 297 465 474 477 478 486 487 505 528 529 530 836 838 878 879 883 885 895 908 909 912 913 917 918
25: 280 282 284 285 286 287 288 289 290 292 293 296 297 465 474 477 478 486 487 505 528 529 530 836 838 878 879 883 885 895 908 909 912 913 917 918
30: 280 282 284 285 286 287 288 289 290 292 293 296 297 465 474 477 478 486 487 505 528 529 530 836 838 878 879 883 885 895 908 909 912 913 917 918
35: 280 282 284 285 286 287 288 289 290 292 293 296 297 465 474 477 478 486 487 505 528 529 530 836 838 878 879 883 885 895 908 909 912 913 917 918
40: 280 282 284 285 286 287 288 289 290 292 293 296 297 465 474 477 478 486 487 505 528 529 530 836 838 878 879 883 885 895 908 909 912 913 917 918
45: 280 282 284 285 286 287 288 289 290 292 293 296 297 465 474 477 478 486 487 505 528 529 530 836 838 878 879 883 885 895 908 909 912 913 917 918
50: 280 282 284 285 286 287 288 289 290 292 293 296 297 465 474 477 478 486 487 505 528 529 530 836 838 878 879 883 885 895 908 909 912 913 917 918
55: 280 282 284 285 286 287 288 289 290 292 293 296 297 465 474 477 478 486 487 505 528 529 530 836 838 878 879 883 885 895 908 909 912 913 917 918
60: 280 282 284 285 286 287 288 289 290 292 293 296 297 465 474 477 478 486 487 505 528 529 530 836 838 878 879 883 885 895 908 909 912 913 917 918
65: 280 282 284 285 286 287 288 289 290 292 293 296 297 465 474 477 478 486 487 505 528 529 530 836 838 878 879 883 885 895 908 909 912 913 917 918
70: 280 282 284 285 286 287 288 289 290 292 293 296 297 465 474 477 478 486 487 505 528 529 530 836 838 878 879 883 885 895 908 909 912 913 917 918
75: 280 282 284 285 286 287 288 289 290 292 293 296 297 465 474 477 478 486 487 505 528 529 530 836 838 878 879 883 885 895 908 909 912 913 917 918
80: 280 282 284 285 286 287 288 289 290 292 293 296 297 465 474 477 478 486 487 505 528 529 530 836 838 878 879 883 885 895 908 909 912 913 917 918
85: 280 282 284 285 286 287 288 289 290 292 293 296 297 465 474 477 478 486 487 505 528 529 530 836 838 878 879 883 885 895 908 909 912 913 917 918
90: 280 282 284 285 286 287 288 289 290 292 293 296 297 465 474 477 478 486 487 505 528 529 530 836 838 878 879 883 885 895 908 909 912 913 917 918
95: 280 282 284 285 286 287 288 289 290 292 293 296 297 465 474 477 478 486 487 505 528 529 530 836 838 878 879 883 885 895 908 909 912 913 917 918
100: 280 282 284 285 286 287 288 289 290 292 293 296 297 465 474 477 478 486 487 505 528 529 530 836 838 878 879 883 885 895 908 909 912 913 917 918
