5: 280 282 284 287 288 289 292 293 296 297 531 836 838 878 879 895 908 909 918
10: 280 281 282 284 285 286 287 288 289 290 292 293 296 297 531 535 836 838 878 879 883 885 895 908 909 917 918
15: 280 281 282 284 285 286 287 288 289 290 292 293 296 297 531 535 836 838 878 879 883 885 895 908 909 917 918
20: 280 281 282 284 285 286 287 288 289 290 292 293 296 297 531 535 836 838 878 879 883 885 895 908 909 917 918
25: 280 281 282 284 285 286 287 288 289 290 292 293 296 297 531 535 836 838 878 879 883 885 895 908 909 917 918
30: 280 281 282 284 285 286 287 288 289 290 292 293 296 297 531 535 836 838 878 879 883 885 895 908 909 917 918
35: 280 281 282 284 285 286 287 288 289 290 292 293 296 297 531 535 836 838 878 879 883 885 895 908 909 917 918
40: 280 281 282 284 285 286 287 288 289 290 292 293 296 297 531 535 836 838 878 879 883 885 895 908 909 917 918
45: 280 281 282 284 285 286 287 288 289 290 292 293 296 297 531 535 836 838 878 879 883 885 895 908 909 917 918
50: 280 281 282 284 285 286 287 288 289 290 292 293 296 297 531 535 836 838 878 879 883 885 895 908 909 917 918
55: 280 281 282 284 285 286 287 288 289 290 292 293 296 297 531 535 836 838 878 879 883 885 895 908 909 917 918
60: 280 281 282 284 285 286 287 288 289 290 292 293 296 297 531 535 836 838 878 879 883 885 895 908 909 917 918
65: 280 281 282 284 285 286 287 288 289 290 292 293 296 297 531 535 836 838 878 879 883 885 895 908 909 917 918
70: 280 281 282 284 285 286 287 288 289 290 292 293 296 297 531 535 836 838 878 879 883 885 895 908 909 917 918
75: 280 281 282 284 285 286 287 288 289 290 292 293 296 297 531 535 836 838 878 879 883 885 895 908 909 917 918
80: 280 281 282 284 285 286 287 288 289 290 292 293 296 297 531 535 836 838 878 879 883 885 895 908 909 917 918
85: 280 281 282 284 285 286 287 288 289 290 292 293 296 297 531 535 836 838 878 879 883 885 895 908 909 917 918
90: 280 281 282 284 285 286 287 288 289 290 292 293 296 297 531 535 836 838 878 879 883 885 895 908 909 917 918
95: 280 281 282 284 285 286 287 288 289 290 292 293 296 297 531 535 836 838 878 879 883 885 895 908 909 917 918
100: 280 281 282 284 285 286 287 288 289 290 292 293 296 297 531 535 836 838 878 879 883 885 895 908 909 917 918
