5: 280 281 282 284 285 286 287 288 289 290 292 293 296 297 463 465 474 476 477 478 480 486 487 531 538 836 838 878 879 883 885 895 908 909 912 913 917 918 960 962 976 986 1002 1003 1024 1025 1026 1033 1043 1048 1049 1050 1071 1072
10: 280 281 282 284 285 286 287 288 289 290 292 293 296 297 463 465 474 476 477 478 480 486 487 503 522 531 538 836 838 878 879 883 885 895 908 909 912 913 917 918 960 962 976 986 1002 1003 1024 1025 1026 1043 1048 1049 1050 1071 1072
15: 280 282 285 286 287 288 289 290 292 293 296 297 463 474 476 478 480 486 487 503 511 522 527 531 538 836 838 878 879 883 885 895 908 909 912 913 917 918 960 962 976 986 1002 1003 1024 1025 1026 1033 1043 1048 1049 1050 1071 1072
20: 280 282 286 287 288 289 290 292 296 297 463 474 478 480 486 503 511 522 527 530 531 535 538 836 838 878 879 883 885 895 908 909 912 913 917 918 960 962 976 986 1002 1003 1024 1025 1026 1033 1043 1048 1049 1050 1071 1072
25: 280 282 286 287 288 289 292 296 297 463 474 478 480 486 503 511 516 522 527 530 531 534 535 538 836 838 878 879 883 885 895 908 909 913 917 918 960 962 976 986 1002 1003 1024 1025 1026 1043 1048 1049 1050 1071 1072
30: 280 281 282 284 285 286 287 288 289 290 292 293 296 297 463 465 474 476 477 478 480 486 487 503 505 511 516 522 527 530 531 534 535 538 836 838 878 879 883 885 895 908 909 912 913 917 918 960 962 976 986 1002 1003 1024 1025 1026 1033 1043 1048 1049 1050 1071 1072
35: 280 281 282 284 285 286 287 288 289 290 292 293 296 297 463 465 474 476 477 478 480 486 487 503 505 511 516 517 522 527 529 530 531 534 535 538 836 838 878 879 883 885 895 908 909 912 913 917 918 960 962 976 986 1002 1003 1024 1025 1026 1033 1043 1048 1049 1050 1071 1072
40: 280 281 282 284 285 286 287 288 289 290 292 293 296 297 463 465 474 476 477 478 480 486 487 503 505 511 516 517 522 527 529 530 531 534 535 538 836 838 878 879 883 885 895 908 909 912 913 917 918 960 962 976 986 1002 1003 1024 1025 1026 1033 1043 1048 1049 1050 1071 1072
45: 280 281 282 284 285 286 287 288 289 290 292 293 296 297 463 465 474 476 477 478 480 486 487 503 505 511 516 517 522 527 529 530 531 534 535 538 836 838 878 879 883 885 895 908 909 912 913 917 918 960 962 976 986 1002 1003 1024 1025 1026 1033 1043 1048 1049 1050 1071 1072
50: 280 281 282 284 285 286 287 288 289 290 292 293 296 297 463 465 474 476 477 478 480 486 487 503 505 511 516 517 522 527 529 530 531 534 535 538 836 838 878 879 883 885 895 908 909 912 913 917 918 960 962 976 986 1002 1003 1024 1025 1026 1033 1043 1048 1049 1050 1071 1072
55: 280 281 282 284 285 286 287 288 289 290 292 293 296 297 463 465 474 476 477 478 480 486 487 503 505 511 516 517 522 527 529 530 531 534 535 538 836 838 878 879 883 885 895 908 909 912 913 917 918 960 962 976 986 1002 1003 1024 1025 1026 1033 1043 1048 1049 1050 1071 1072
60: 280 281 282 284 285 286 287 288 289 290 292 293 296 297 463 465 474 476 477 478 480 486 487 503 505 511 516 517 522 527 529 530 531 534 535 538 836 838 878 879 883 885 895 908 909 912 913 917 918 960 962 976 986 1002 1003 1024 1025 1026 1033 1043 1048 1049 1050 1071 1072
65: 280 281 282 284 285 286 287 288 289 290 292 293 296 297 463 465 474 476 477 478 480 486 487 503 505 511 516 517 522 527 529 530 531 534 535 538 836 838 878 879 883 885 895 908 909 912 913 917 918 960 962 976 986 1002 1003 1024 1025 1026 1033 1043 1048 1049 1050 1071 1072
70: 280 281 282 284 285 286 287 288 289 290 292 293 296 297 463 465 474 476 477 478 480 486 487 503 505 511 516 517 522 527 529 530 531 534 535 538 836 838 878 879 883 885 895 908 909 912 913 917 918 960 962 976 986 1002 1003 1024 1025 1026 1033 1043 1048 1049 1050 1071 1072
75: 280 281 282 284 285 286 287 288 289 290 292 293 296 297 463 465 474 476 477 478 480 486 487 503 505 511 516 517 522 527 529 530 531 534 535 538 836 838 878 879 883 885 895 908 909 912 913 917 918 960 962 976 986 1002 1003 1024 1025 1026 1033 1043 1048 1049 1050 1071 1072
80: 280 281 282 284 285 286 287 288 289 290 292 293 296 297 463 465 474 476 477 478 480 486 487 503 505 511 516 517 522 527 529 530 531 534 535 538 836 838 878 879 883 885 895 908 909 912 913 917 918 960 962 976 986 1002 1003 1024 1025 1026 1033 1043 1048 1049 1050 1071 1072
85: 280 281 282 284 285 286 287 288 289 290 292 293 296 297 463 465 474 476 477 478 480 486 487 503 505 511 516 517 522 527 529 530 531 534 535 538 836 838 878 879 883 885 895 908 909 912 913 917 918 960 962 976 986 1002 1003 1024 1025 1026 1033 1043 1048 1049 1050 1071 1072
90: 280 281 282 284 285 286 287 288 289 290 292 293 296 297 463 465 474 476 477 478 480 486 487 503 505 511 516 517 522 527 529 530 531 534 535 538 836 838 878 879 883 885 895 908 909 912 913 917 918 960 962 976 986 1002 1003 1024 1025 1026 1033 1043 1048 1049 1050 1071 1072
95: 280 281 282 284 285 286 287 288 289 290 292 293 296 297 463 465 474 476 477 478 480 486 487 503 505 511 516 517 522 527 529 530 531 534 535 538 836 838 878 879 883 885 895 908 909 912 913 917 918 960 962 976 986 1002 1003 1024 1025 1026 1033 1043 1048 1049 1050 1071 1072
100: 280 281 282 284 285 286 287 288 289 290 292 293 296 297 463 465 474 476 477 478 480 486 487 503 505 511 516 517 522 527 529 530 531 534 535 538 836 838 878 879 883 885 895 908 909 912 913 917 918 960 962 976 986 1002 1003 1024 1025 1026 1033 1043 1048 1049 1050 1071 1072
