5: 205 208 280 282 284 285 286 287 289 290 292 293 296 297 352 353 354 365 366 369 370 463 465 474 476 477 478 480 486 538 619 621 631 642 643 836 838 878 879 883 885 895 908 909 912 913 917 918 923 925 941 946 947 960 962 976 986 1002 1003 1013 1018 1020 1024 1025 1026 1043 1048 1049 1050 1071 1072 1081 1082
10: 205 280 282 286 296 297 352 354 365 366 369 370 478 511 531 535 538 619 621 631 642 643 836 838 878 879 883 885 895 908 909 912 913 917 918 923 941 946 947 960 962 976 986 1002 1003 1018 1020 1024 1043 1048 1049 1050 1081
15: 205 280 282 285 286 287 296 297 352 354 365 366 369 370 478 480 503 511 522 531 535 538 619 621 631 642 643 836 838 878 879 883 885 895 908 909 912 913 917 918 923 941 946 947 960 962 976 986 1002 1003 1018 1020 1024 1026 1043 1048 1049 1050 1071 1072 1081
20: 205 280 282 284 285 286 287 290 292 296 297 352 354 365 366 369 370 463 465 474 476 477 478 480 503 511 522 527 530 531 535 538 619 621 631 642 643 836 838 878 879 883 885 895 908 909 912 913 917 918 941 946 947 960 962 976 986 1002 1003 1020 1024 1026 1043 1048 1049 1050 1071 1072 1081
25: 205 208 280 282 284 285 286 287 289 290 292 293 296 297 352 353 354 365 366 369 370 463 465 474 476 477 478 480 486 503 505 511 516 522 527 530 531 535 538 619 621 631 642 643 836 838 878 879 883 885 895 908 909 912 913 917 918 923 925 941 946 947 960 962 976 986 1002 1003 1013 1018 1020 1024 1025 1026 1043 1048 1049 1050 1071 1072 1081 1082
30: 205 208 280 282 284 285 286 287 289 290 292 293 296 297 352 353 354 365 366 369 370 463 465 474 476 477 478 480 486 503 505 511 516 522 527 530 531 534 535 538 619 621 631 642 643 836 838 878 879 883 885 895 908 909 912 913 917 918 923 925 941 946 947 960 962 976 986 1002 1003 1013 1018 1020 1024 1025 1026 1043 1048 1049 1050 1071 1072 1081 1082
35: 205 208 280 282 284 285 286 287 289 290 292 293 296 297 352 353 354 365 366 369 370 463 465 474 476 477 478 480 486 503 505 511 516 522 527 530 531 534 535 538 619 621 631 642 643 836 838 878 879 883 885 895 908 909 912 913 917 918 923 925 941 946 947 960 962 976 986 1002 1003 1013 1018 1020 1024 1025 1026 1043 1048 1049 1050 1071 1072 1081 1082
40: 205 208 280 282 284 285 286 287 289 290 292 293 296 297 352 353 354 365 366 369 370 463 465 474 476 477 478 480 486 503 505 511 516 522 527 530 531 534 535 538 619 621 631 642 643 836 838 878 879 883 885 895 908 909 912 913 917 918 923 925 941 946 947 960 962 976 986 1002 1003 1013 1018 1020 1024 1025 1026 1043 1048 1049 1050 1071 1072 1081 1082
45: 205 208 280 282 284 285 286 287 289 290 292 293 296 297 352 353 354 365 366 369 370 463 465 474 476 477 478 480 486 503 505 511 516 522 527 530 531 534 535 538 619 621 631 642 643 836 838 878 879 883 885 895 908 909 912 913 917 918 923 925 941 946 947 960 962 976 986 1002 1003 1013 1018 1020 1024 1025 1026 1043 1048 1049 1050 1071 1072 1081 1082
50: 205 208 280 282 284 285 286 287 289 290 292 293 296 297 352 353 354 365 366 369 370 463 465 474 476 477 478 480 486 503 505 511 516 522 527 530 531 534 535 538 619 621 631 642 643 836 838 878 879 883 885 895 908 909 912 913 917 918 923 925 941 946 947 960 962 976 986 1002 1003 1013 1018 1020 1024 1025 1026 1043 1048 1049 1050 1071 1072 1081 1082
55: 205 208 280 282 284 285 286 287 289 290 292 293 296 297 352 353 354 365 366 369 370 463 465 474 476 477 478 480 486 503 505 511 516 522 527 530 531 534 535 538 619 621 631 642 643 836 838 878 879 883 885 895 908 909 912 913 917 918 923 925 941 946 947 960 962 976 986 1002 1003 1013 1018 1020 1024 1025 1026 1043 1048 1049 1050 1071 1072 1081 1082
60: 205 208 280 282 284 285 286 287 289 290 292 293 296 297 352 353 354 365 366 369 370 463 465 474 476 477 478 480 486 503 505 511 516 522 527 530 531 534 535 538 619 621 631 642 643 836 838 878 879 883 885 895 908 909 912 913 917 918 923 925 941 946 947 960 962 976 986 1002 1003 1013 1018 1020 1024 1025 1026 1043 1048 1049 1050 1071 1072 1081 1082
65: 205 208 280 282 284 285 286 287 289 290 292 293 296 297 352 353 354 365 366 369 370 463 465 474 476 477 478 480 486 503 505 511 516 522 527 530 531 534 535 538 619 621 631 642 643 836 838 878 879 883 885 895 908 909 912 913 917 918 923 925 941 946 947 960 962 976 986 1002 1003 1013 1018 1020 1024 1025 1026 1043 1048 1049 1050 1071 1072 1081 1082
70: 205 208 280 282 284 285 286 287 289 290 292 293 296 297 352 353 354 365 366 369 370 463 465 474 476 477 478 480 486 503 505 511 516 522 527 530 531 534 535 538 619 621 631 642 643 836 838 878 879 883 885 895 908 909 912 913 917 918 923 925 941 946 947 960 962 976 986 1002 1003 1013 1018 1020 1024 1025 1026 1043 1048 1049 1050 1071 1072 1081 1082
75: 205 208 280 282 284 285 286 287 289 290 292 293 296 297 352 353 354 365 366 369 370 463 465 474 476 477 478 480 486 503 505 511 516 522 527 530 531 534 535 538 619 621 631 642 643 836 838 878 879 883 885 895 908 909 912 913 917 918 923 925 941 946 947 960 962 976 986 1002 1003 1013 1018 1020 1024 1025 1026 1043 1048 1049 1050 1071 1072 1081 1082
80: 205 208 280 282 284 285 286 287 289 290 292 293 296 297 352 353 354 365 366 369 370 463 465 474 476 477 478 480 486 503 505 511 516 522 527 530 531 534 535 538 619 621 631 642 643 836 838 878 879 883 885 895 908 909 912 913 917 918 923 925 941 946 947 960 962 976 986 1002 1003 1013 1018 1020 1024 1025 1026 1043 1048 1049 1050 1071 1072 1081 1082
85: 205 208 280 282 284 285 286 287 289 290 292 293 296 297 352 353 354 365 366 369 370 463 465 474 476 477 478 480 486 503 505 511 516 522 527 530 531 534 535 538 619 621 631 642 643 836 838 878 879 883 885 895 908 909 912 913 917 918 923 925 941 946 947 960 962 976 986 1002 1003 1013 1018 1020 1024 1025 1026 1043 1048 1049 1050 1071 1072 1081 1082
90: 205 208 280 282 284 285 286 287 289 290 292 293 296 297 352 353 354 365 366 369 370 463 465 474 476 477 478 480 486 503 505 511 516 522 527 530 531 534 535 538 619 621 631 642 643 836 838 878 879 883 885 895 908 909 912 913 917 918 923 925 941 946 947 960 962 976 986 1002 1003 1013 1018 1020 1024 1025 1026 1043 1048 1049 1050 1071 1072 1081 1082
95: 205 208 280 282 284 285 286 287 289 290 292 293 296 297 352 353 354 365 366 369 370 463 465 474 476 477 478 480 486 503 505 511 516 522 527 530 531 534 535 538 619 621 631 642 643 836 838 878 879 883 885 895 908 909 912 913 917 918 923 925 941 946 947 960 962 976 986 1002 1003 1013 1018 1020 1024 1025 1026 1043 1048 1049 1050 1071 1072 1081 1082
100: 205 208 280 282 284 285 286 287 289 290 292 293 296 297 352 353 354 365 366 369 370 463 465 474 476 477 478 480 486 503 505 511 516 522 527 530 531 534 535 538 619 621 631 642 643 836 838 878 879 883 885 895 908 909 912 913 917 918 923 925 941 946 947 960 962 976 986 1002 1003 1013 1018 1020 1024 1025 1026 1043 1048 1049 1050 1071 1072 1081 1082
