5: 280 282 287 292 296 297 465 474 480 535 538 836 838 878 879 883 895 908 909 912 917 918
10: 280 282 286 287 292 296 297 474 503 534 535 836 838 878 879 883 885 895 908 909 912 917 918
15: 280 282 284 285 286 287 288 289 290 292 293 296 297 463 465 474 480 503 505 511 534 535 538 836 838 878 879 883 885 895 908 909 912 917 918
20: 280 282 287 296 297 463 465 474 503 505 511 516 531 534 535 538 836 838 878 879 883 885 895 908 909 912 913 917 918
25: 280 281 282 284 285 286 287 288 289 290 292 293 296 297 463 465 474 476 478 480 486 487 503 505 511 516 527 530 531 534 535 538 836 838 878 879 883 885 895 908 909 912 913 917 918
30: 280 281 282 284 285 286 287 288 289 290 292 293 296 297 463 465 474 476 478 480 486 487 503 505 511 516 522 527 528 530 531 534 535 538 836 838 878 879 883 885 895 908 909 912 913 917 918
35: 280 281 282 284 285 286 287 288 289 290 292 293 296 297 463 465 474 476 478 480 486 487 503 505 511 516 517 522 527 528 529 530 531 534 535 538 836 838 878 879 883 885 895 908 909 912 913 917 918
40: 280 281 282 284 285 286 287 288 289 290 292 293 296 297 463 465 474 476 478 480 486 487 503 505 511 516 517 522 527 528 529 530 531 534 535 538 836 838 878 879 883 885 895 908 909 912 913 917 918
45: 280 281 282 284 285 286 287 288 289 290 292 293 296 297 463 465 474 476 478 480 486 487 503 505 511 516 517 522 527 528 529 530 531 534 535 538 836 838 878 879 883 885 895 908 909 912 913 917 918
50: 280 281 282 284 285 286 287 288 289 290 292 293 296 297 463 465 474 476 478 480 486 487 503 505 511 516 517 522 527 528 529 530 531 534 535 538 836 838 878 879 883 885 895 908 909 912 913 917 918
55: 280 281 282 284 285 286 287 288 289 290 292 293 296 297 463 465 474 476 478 480 486 487 503 505 511 516 517 522 527 528 529 530 531 534 535 538 836 838 878 879 883 885 895 908 909 912 913 917 918
60: 280 281 282 284 285 286 287 288 289 290 292 293 296 297 463 465 474 476 478 480 486 487 503 505 511 516 517 522 527 528 529 530 531 534 535 538 836 838 878 879 883 885 895 908 909 912 913 917 918
65: 280 281 282 284 285 286 287 288 289 290 292 293 296 297 463 465 474 476 478 480 486 487 503 505 511 516 517 522 527 528 529 530 531 534 535 538 836 838 878 879 883 885 895 908 909 912 913 917 918
70: 280 281 282 284 285 286 287 288 289 290 292 293 296 297 463 465 474 476 478 480 486 487 503 505 511 516 517 522 527 528 529 530 531 534 535 538 836 838 878 879 883 885 895 908 909 912 913 917 918
75: 280 281 282 284 285 286 287 288 289 290 292 293 296 297 463 465 474 476 478 480 486 487 503 505 511 516 517 522 527 528 529 530 531 534 535 538 836 838 878 879 883 885 895 908 909 912 913 917 918
80: 280 281 282 284 285 286 287 288 289 290 292 293 296 297 463 465 474 476 478 480 486 487 503 505 511 516 517 522 527 528 529 530 531 534 535 538 836 838 878 879 883 885 895 908 909 912 913 917 918
85: 280 281 282 284 285 286 287 288 289 290 292 293 296 297 463 465 474 476 478 480 486 487 503 505 511 516 517 522 527 528 529 530 531 534 535 538 836 838 878 879 883 885 895 908 909 912 913 917 918
90: 280 281 282 284 285 286 287 288 289 290 292 293 296 297 463 465 474 476 478 480 486 487 503 505 511 516 517 522 527 528 529 530 531 534 535 538 836 838 878 879 883 885 895 908 909 912 913 917 918
95: 280 281 282 284 285 286 287 288 289 290 292 293 296 297 463 465 474 476 478 480 486 487 503 505 511 516 517 522 527 528 529 530 531 534 535 538 836 838 878 879 883 885 895 908 909 912 913 917 918
100: 280 281 282 284 285 286 287 288 289 290 292 293 296 297 463 465 474 476 478 480 486 487 503 505 511 516 517 522 527 528 529 530 531 534 535 538 836 838 878 879 883 885 895 908 909 912 913 917 918
