5: 119 120 121 128 129 197 211 247 248 249 250 258
10: 119 120 121 128 129 197 198 211 247 248 249 250 252 258
15: 119 120 121 128 129 197 198 211 247 248 249 250 252 258
20: 119 120 121 128 129 197 198 211 247 248 249 250 252 258
25: 119 120 121 128 129 197 198 211 247 248 249 250 252 258
30: 119 120 121 128 129 197 198 211 247 248 249 250 252 258
35: 119 120 121 128 129 197 198 211 247 248 249 250 252 258
40: 119 120 121 128 129 197 198 211 247 248 249 250 252 258
45: 119 120 121 128 129 197 198 211 247 248 249 250 252 258
50: 119 120 121 128 129 197 198 211 247 248 249 250 252 258
55: 119 120 121 128 129 197 198 211 247 248 249 250 252 258
60: 119 120 121 128 129 197 198 211 247 248 249 250 252 258
65: 119 120 121 128 129 197 198 211 247 248 249 250 252 258
70: 119 120 121 128 129 197 198 211 247 248 249 250 252 258
75: 119 120 121 128 129 197 198 211 247 248 249 250 252 258
80: 119 120 121 128 129 197 198 211 247 248 249 250 252 258
85: 119 120 121 128 129 197 198 211 247 248 249 250 252 258
90: 119 120 121 128 129 197 198 211 247 248 249 250 252 258
95: 119 120 121 128 129 197 198 211 247 248 249 250 252 258
100: 119 120 121 128 129 197 198 211 247 248 249 250 252 258
