5: 119 120 121 126 128 129 211 212 213 247
10: 119 120 121 126 128 129 211 212 213 247
15: 119 120 121 126 128 129 211 212 213 247
20: 119 120 121 126 128 129 211 212 213 247
25: 119 120 121 126 128 129 211 212 213 247
30: 119 120 121 126 128 129 211 212 213 247
35: 119 120 121 126 128 129 211 212 213 247
40: 119 120 121 126 128 129 211 212 213 247
45: 119 120 121 126 128 129 211 212 213 247
50: 119 120 121 126 128 129 211 212 213 247
55: 119 120 121 126 128 129 211 212 213 247
60: 119 120 121 126 128 129 211 212 213 247
65: 119 120 121 126 128 129 211 212 213 247
70: 119 120 121 126 128 129 211 212 213 247
75: 119 120 121 126 128 129 211 212 213 247
80: 119 120 121 126 128 129 211 212 213 247
85: 119 120 121 126 128 129 211 212 213 247
90: 119 120 121 126 128 129 211 212 213 247
95: 119 120 121 126 128 129 211 212 213 247
100: 119 120 121 126 128 129 211 212 213 247
