5: 119 121 187 212 247 249 258
10: 119 121 184 187 197 212 213 247 248 249 250 257 258
15: 119 121 184 187 194 197 212 213 247 248 249 250 252 257 258
20: 119 121 184 187 194 197 212 213 247 248 249 250 252 257 258
25: 119 121 184 187 194 197 212 213 247 248 249 250 252 257 258
30: 119 121 184 187 194 197 212 213 247 248 249 250 252 257 258
35: 119 121 184 187 194 197 212 213 247 248 249 250 252 257 258
40: 119 121 184 187 194 197 212 213 247 248 249 250 252 257 258
45: 119 121 184 187 194 197 212 213 247 248 249 250 252 257 258
50: 119 121 184 187 194 197 212 213 247 248 249 250 252 257 258
55: 119 121 184 187 194 197 212 213 247 248 249 250 252 257 258
60: 119 121 184 187 194 197 212 213 247 248 249 250 252 257 258
65: 119 121 184 187 194 197 212 213 247 248 249 250 252 257 258
70: 119 121 184 187 194 197 212 213 247 248 249 250 252 257 258
75: 119 121 184 187 194 197 212 213 247 248 249 250 252 257 258
80: 119 121 184 187 194 197 212 213 247 248 249 250 252 257 258
85: 119 121 184 187 194 197 212 213 247 248 249 250 252 257 258
90: 119 121 184 187 194 197 212 213 247 248 249 250 252 257 258
95: 119 121 184 187 194 197 212 213 247 248 249 250 252 257 258
100: 119 121 184 187 194 197 212 213 247 248 249 250 252 257 258
