5: 119 120 121 125 126 128 129 188 198 212 213 248
10: 119 120 121 125 126 128 129 188 198 212 213 248
15: 119 120 121 125 126 128 129 188 198 212 213 248
20: 119 120 121 125 126 128 129 188 198 212 213 248
25: 119 120 121 125 126 128 129 188 198 212 213 248
30: 119 120 121 125 126 128 129 188 198 212 213 248
35: 119 120 121 125 126 128 129 188 198 212 213 248
40: 119 120 121 125 126 128 129 188 198 212 213 248
45: 119 120 121 125 126 128 129 188 198 212 213 248
50: 119 120 121 125 126 128 129 188 198 212 213 248
55: 119 120 121 125 126 128 129 188 198 212 213 248
60: 119 120 121 125 126 128 129 188 198 212 213 248
65: 119 120 121 125 126 128 129 188 198 212 213 248
70: 119 120 121 125 126 128 129 188 198 212 213 248
75: 119 120 121 125 126 128 129 188 198 212 213 248
80: 119 120 121 125 126 128 129 188 198 212 213 248
85: 119 120 121 125 126 128 129 188 198 212 213 248
90: 119 120 121 125 126 128 129 188 198 212 213 248
95: 119 120 121 125 126 128 129 188 198 212 213 248
100: 119 120 121 125 126 128 129 188 198 212 213 248
