5: 119 120 121 128 129 213 247 248 257 258
10: 119 120 121 128 129 185 188 198 212 213 247 248 249 250 257 258
15: 119 120 121 128 129 185 188 198 212 213 247 248 249 250 251 252 257 258
20: 119 120 121 128 129 185 188 198 212 213 247 248 249 250 251 252 257 258
25: 119 120 121 128 129 185 188 198 212 213 247 248 249 250 251 252 257 258
30: 119 120 121 128 129 185 188 198 212 213 247 248 249 250 251 252 257 258
35: 119 120 121 128 129 185 188 198 212 213 247 248 249 250 251 252 257 258
40: 119 120 121 128 129 185 188 198 212 213 247 248 249 250 251 252 257 258
45: 119 120 121 128 129 185 188 198 212 213 247 248 249 250 251 252 257 258
50: 119 120 121 128 129 185 188 198 212 213 247 248 249 250 251 252 257 258
55: 119 120 121 128 129 185 188 198 212 213 247 248 249 250 251 252 257 258
60: 119 120 121 128 129 185 188 198 212 213 247 248 249 250 251 252 257 258
65: 119 120 121 128 129 185 188 198 212 213 247 248 249 250 251 252 257 258
70: 119 120 121 128 129 185 188 198 212 213 247 248 249 250 251 252 257 258
75: 119 120 121 128 129 185 188 198 212 213 247 248 249 250 251 252 257 258
80: 119 120 121 128 129 185 188 198 212 213 247 248 249 250 251 252 257 258
85: 119 120 121 128 129 185 188 198 212 213 247 248 249 250 251 252 257 258
90: 119 120 121 128 129 185 188 198 212 213 247 248 249 250 251 252 257 258
95: 119 120 121 128 129 185 188 198 212 213 247 248 249 250 251 252 257 258
100: 119 120 121 128 129 185 188 198 212 213 247 248 249 250 251 252 257 258
