5: 119 120 121 126 128 129 198 202 212 258
10: 119 120 121 126 128 129 198 202 212 258
15: 119 120 121 126 128 129 198 202 212 258
20: 119 120 121 126 128 129 198 202 212 258
25: 119 120 121 126 128 129 198 202 212 258
30: 119 120 121 126 128 129 198 202 212 258
35: 119 120 121 126 128 129 198 202 212 258
40: 119 120 121 126 128 129 198 202 212 258
45: 119 120 121 126 128 129 198 202 212 258
50: 119 120 121 126 128 129 198 202 212 258
55: 119 120 121 126 128 129 198 202 212 258
60: 119 120 121 126 128 129 198 202 212 258
65: 119 120 121 126 128 129 198 202 212 258
70: 119 120 121 126 128 129 198 202 212 258
75: 119 120 121 126 128 129 198 202 212 258
80: 119 120 121 126 128 129 198 202 212 258
85: 119 120 121 126 128 129 198 202 212 258
90: 119 120 121 126 128 129 198 202 212 258
95: 119 120 121 126 128 129 198 202 212 258
100: 119 120 121 126 128 129 198 202 212 258
