5: 119 120 121 128 129 197 198 212 213 248 258
10: 119 120 121 128 129 197 198 212 213 247 248 249 250 251 252 253 254 258
15: 119 120 121 128 129 197 198 212 213 247 248 249 250 251 252 253 254 258
20: 119 120 121 128 129 197 198 212 213 247 248 249 250 251 252 253 254 258
25: 119 120 121 128 129 197 198 212 213 247 248 249 250 251 252 253 254 258
30: 119 120 121 128 129 197 198 212 213 247 248 249 250 251 252 253 254 258
35: 119 120 121 128 129 197 198 212 213 247 248 249 250 251 252 253 254 258
40: 119 120 121 128 129 197 198 212 213 247 248 249 250 251 252 253 254 258
45: 119 120 121 128 129 197 198 212 213 247 248 249 250 251 252 253 254 258
50: 119 120 121 128 129 197 198 212 213 247 248 249 250 251 252 253 254 258
55: 119 120 121 128 129 197 198 212 213 247 248 249 250 251 252 253 254 258
60: 119 120 121 128 129 197 198 212 213 247 248 249 250 251 252 253 254 258
65: 119 120 121 128 129 197 198 212 213 247 248 249 250 251 252 253 254 258
70: 119 120 121 128 129 197 198 212 213 247 248 249 250 251 252 253 254 258
75: 119 120 121 128 129 197 198 212 213 247 248 249 250 251 252 253 254 258
80: 119 120 121 128 129 197 198 212 213 247 248 249 250 251 252 253 254 258
85: 119 120 121 128 129 197 198 212 213 247 248 249 250 251 252 253 254 258
90: 119 120 121 128 129 197 198 212 213 247 248 249 250 251 252 253 254 258
95: 119 120 121 128 129 197 198 212 213 247 248 249 250 251 252 253 254 258
100: 119 120 121 128 129 197 198 212 213 247 248 249 250 251 252 253 254 258
