5: 120 121 247 248 249 250 258
10: 120 121 197 198 212 213 247 248 249 250 251 252 258
15: 120 121 197 198 212 213 247 248 249 250 251 252 257 258
20: 120 121 197 198 212 213 247 248 249 250 251 252 257 258
25: 120 121 197 198 212 213 247 248 249 250 251 252 257 258
30: 120 121 197 198 212 213 247 248 249 250 251 252 257 258
35: 120 121 197 198 212 213 247 248 249 250 251 252 257 258
40: 120 121 197 198 212 213 247 248 249 250 251 252 257 258
45: 120 121 197 198 212 213 247 248 249 250 251 252 257 258
50: 120 121 197 198 212 213 247 248 249 250 251 252 257 258
55: 120 121 197 198 212 213 247 248 249 250 251 252 257 258
60: 120 121 197 198 212 213 247 248 249 250 251 252 257 258
65: 120 121 197 198 212 213 247 248 249 250 251 252 257 258
70: 120 121 197 198 212 213 247 248 249 250 251 252 257 258
75: 120 121 197 198 212 213 247 248 249 250 251 252 257 258
80: 120 121 197 198 212 213 247 248 249 250 251 252 257 258
85: 120 121 197 198 212 213 247 248 249 250 251 252 257 258
90: 120 121 197 198 212 213 247 248 249 250 251 252 257 258
95: 120 121 197 198 212 213 247 248 249 250 251 252 257 258
100: 120 121 197 198 212 213 247 248 249 250 251 252 257 258
