5: 54 55 56 57 58 59 82 83 84 88 89 90 92 109 110 117 133 138 139 140 146 165 166 218 280 311 312 317 319 321 322 323 324 325 328 329 337 339 340 341 342 343 346 347
10: 54 55 56 57 58 59 82 83 84 88 89 90 92 109 110 117 133 138 139 140 146 148 150 155 156 159 165 166 218 254 280 311 312 317 319 321 322 323 324 325 328 329 337 339 340 341 342 343 346 347
15: 82 83 84 88 89 90 92 93 104 105 140 146 148 150 151 153 155 156 159 160 165 280
20: 82 83 88 89 90 92 93 104 105 146 148 149 150 151 152 153 154 155 156 159 160 230 233 254 280 319 324 325 328 329 337 339
25: 88 89 90 92 93 94 95 96 98 101 104 105 146 148 149 150 151 152 153 154 155 156 159 160 230 233 254 257 280 319 324 325 328 329 337 339 340 341 342 343 346
30: 54 55 56 57 58 59 82 83 84 88 89 90 92 93 94 95 96 98 99 101 104 105 109 110 117 133 138 139 140 146 148 149 150 151 152 153 154 155 156 159 160 165 166 218 230 233 250 254 257 276 280 303 306 307 311 312 317 319 321 322 323 324 325 328 329 337 339 340 341 342 343 346 347
35: 54 55 56 57 58 59 82 83 84 88 89 90 92 93 94 95 96 98 99 100 101 104 105 109 110 117 133 138 139 140 146 148 149 150 151 152 153 154 155 156 159 160 165 166 218 230 233 250 254 256 257 276 279 280 282 283 298 299 300 303 306 307 311 312 317 319 321 322 323 324 325 328 329 337 339 340 341 342 343 346 347
40: 54 55 56 57 58 59 82 83 84 88 89 90 92 93 94 95 96 97 98 99 100 101 104 105 109 110 117 133 138 139 140 146 148 149 150 151 152 153 154 155 156 159 160 165 166 218 230 233 235 236 250 254 256 257 276 278 279 280 281 282 283 288 298 299 300 302 303 306 307 311 312 317 319 321 322 323 324 325 328 329 337 339 340 341 342 343 346 347
45: 54 55 56 57 58 59 82 83 84 88 89 90 92 93 94 95 96 97 98 99 100 101 104 105 109 110 117 133 138 139 140 146 148 149 150 151 152 153 154 155 156 159 160 165 166 218 230 233 235 236 242 248 250 252 254 256 257 268 276 278 279 280 281 282 283 288 291 297 298 299 300 302 303 306 307 311 312 317 319 321 322 323 324 325 328 329 337 339 340 341 342 343 346 347
50: 54 55 56 57 58 59 82 83 84 88 89 90 92 93 94 95 96 97 98 99 100 101 104 105 109 110 117 133 138 139 140 146 148 149 150 151 152 153 154 155 156 159 160 165 166 218 230 233 235 236 242 248 250 252 253 254 256 257 268 270 272 276 278 279 280 281 282 283 288 291 297 298 299 300 302 303 306 307 311 312 317 319 321 322 323 324 325 328 329 337 339 340 341 342 343 346 347
55: 54 55 56 57 58 59 82 83 84 88 89 90 92 93 94 95 96 97 98 99 100 101 104 105 109 110 117 133 138 139 140 146 148 149 150 151 152 153 154 155 156 159 160 165 166 218 230 233 235 236 242 248 250 252 253 254 256 257 268 270 272 276 278 279 280 281 282 283 288 291 297 298 299 300 302 303 306 307 311 312 317 319 321 322 323 324 325 328 329 337 339 340 341 342 343 346 347
60: 54 55 56 57 58 59 82 83 84 88 89 90 92 93 94 95 96 97 98 99 100 101 104 105 109 110 117 133 138 139 140 146 148 149 150 151 152 153 154 155 156 159 160 165 166 218 230 233 235 236 242 248 250 252 253 254 256 257 268 270 272 276 278 279 280 281 282 283 288 291 297 298 299 300 302 303 306 307 311 312 317 319 321 322 323 324 325 328 329 337 339 340 341 342 343 346 347
65: 54 55 56 57 58 59 82 83 84 88 89 90 92 93 94 95 96 97 98 99 100 101 104 105 109 110 117 133 138 139 140 146 148 149 150 151 152 153 154 155 156 159 160 165 166 218 230 233 235 236 242 248 250 252 253 254 256 257 268 270 272 276 278 279 280 281 282 283 288 291 297 298 299 300 302 303 306 307 311 312 317 319 321 322 323 324 325 328 329 337 339 340 341 342 343 346 347
70: 54 55 56 57 58 59 82 83 84 88 89 90 92 93 94 95 96 97 98 99 100 101 104 105 109 110 117 133 138 139 140 146 148 149 150 151 152 153 154 155 156 159 160 165 166 218 230 233 235 236 242 248 250 252 253 254 256 257 268 270 272 276 278 279 280 281 282 283 288 291 297 298 299 300 302 303 306 307 311 312 317 319 321 322 323 324 325 328 329 337 339 340 341 342 343 346 347
75: 54 55 56 57 58 59 82 83 84 88 89 90 92 93 94 95 96 97 98 99 100 101 104 105 109 110 117 133 138 139 140 146 148 149 150 151 152 153 154 155 156 159 160 165 166 218 230 233 235 236 242 248 250 252 253 254 256 257 268 270 272 276 278 279 280 281 282 283 288 291 297 298 299 300 302 303 306 307 311 312 317 319 321 322 323 324 325 328 329 337 339 340 341 342 343 346 347
80: 54 55 56 57 58 59 82 83 84 88 89 90 92 93 94 95 96 97 98 99 100 101 104 105 109 110 117 133 138 139 140 146 148 149 150 151 152 153 154 155 156 159 160 165 166 218 230 233 235 236 242 248 250 252 253 254 256 257 268 270 272 276 278 279 280 281 282 283 288 291 297 298 299 300 302 303 306 307 311 312 317 319 321 322 323 324 325 328 329 337 339 340 341 342 343 346 347
85: 54 55 56 57 58 59 82 83 84 88 89 90 92 93 94 95 96 97 98 99 100 101 104 105 109 110 117 133 138 139 140 146 148 149 150 151 152 153 154 155 156 159 160 165 166 218 230 233 235 236 242 248 250 252 253 254 256 257 268 270 272 276 278 279 280 281 282 283 288 291 297 298 299 300 302 303 306 307 311 312 317 319 321 322 323 324 325 328 329 337 339 340 341 342 343 346 347
90: 54 55 56 57 58 59 82 83 84 88 89 90 92 93 94 95 96 97 98 99 100 101 104 105 109 110 117 133 138 139 140 146 148 149 150 151 152 153 154 155 156 159 160 165 166 218 230 233 235 236 242 248 250 252 253 254 256 257 268 270 272 276 278 279 280 281 282 283 288 291 297 298 299 300 302 303 306 307 311 312 317 319 321 322 323 324 325 328 329 337 339 340 341 342 343 346 347
95: 54 55 56 57 58 59 82 83 84 88 89 90 92 93 94 95 96 97 98 99 100 101 104 105 109 110 117 133 138 139 140 146 148 149 150 151 152 153 154 155 156 159 160 165 166 218 230 233 235 236 242 248 250 252 253 254 256 257 268 270 272 276 278 279 280 281 282 283 288 291 297 298 299 300 302 303 306 307 311 312 317 319 321 322 323 324 325 328 329 337 339 340 341 342 343 346 347
100: 54 55 56 57 58 59 82 83 84 88 89 90 92 93 94 95 96 97 98 99 100 101 104 105 109 110 117 133 138 139 140 146 148 149 150 151 152 153 154 155 156 159 160 165 166 218 230 233 235 236 242 248 250 252 253 254 256 257 268 270 272 276 278 279 280 281 282 283 288 291 297 298 299 300 302 303 306 307 311 312 317 319 321 322 323 324 325 328 329 337 339 340 341 342 343 346 347
