5: 54 55 56 57 58 59 82 83 84 88 89 90 109 110 115 117 132 133 138 140 144 146 165 166 215 218 311 312 317 319 325 328 329 335 337 343 346 347
10: 54 55 56 57 58 59 82 83 84 88 89 90 92 93 109 110 115 117 132 133 138 140 144 146 156 159 160 165 166 215 218 250 311 312 317 319 325 328 329 335 337 343 346 347
15: 54 55 56 57 58 59 82 83 84 88 89 90 92 93 94 95 96 104 105 109 110 115 117 132 133 138 140 144 146 156 159 160 165 166 215 218 230 311 312 317 319 325 328 329 335 337 343 346 347
20: 54 55 56 57 58 59 82 83 84 88 89 90 92 93 94 95 96 97 100 104 105 109 110 115 117 132 133 138 140 144 146 156 159 160 165 166 215 218 228 230 250 306 307 311 312 317 319 325 328 329 335 337 343 346 347
25: 54 55 56 57 58 59 82 83 84 88 89 90 92 93 94 95 96 97 98 99 100 101 104 105 109 110 115 117 132 133 138 140 144 146 156 159 160 165 166 215 218 228 230 250 274 306 307 311 312 317 319 325 328 329 335 337 343 346 347
30: 54 55 56 57 58 59 82 83 84 88 89 90 92 93 94 95 96 97 98 99 100 101 104 105 109 110 115 117 132 133 138 140 144 146 156 159 160 165 166 215 218 228 230 250 274 306 307 311 312 317 319 325 328 329 335 337 343 346 347
35: 54 55 56 57 58 59 82 83 84 88 89 90 92 93 94 95 96 97 98 99 100 101 104 105 109 110 115 117 132 133 138 140 144 146 156 159 160 165 166 215 218 228 230 250 274 306 307 311 312 317 319 325 328 329 335 337 343 346 347
40: 54 55 56 57 58 59 82 83 84 88 89 90 92 93 94 95 96 97 98 99 100 101 104 105 109 110 115 117 132 133 138 140 144 146 156 159 160 165 166 215 218 228 230 250 274 306 307 311 312 317 319 325 328 329 335 337 343 346 347
45: 54 55 56 57 58 59 82 83 84 88 89 90 92 93 94 95 96 97 98 99 100 101 104 105 109 110 115 117 132 133 138 140 144 146 156 159 160 165 166 215 218 228 230 250 274 306 307 311 312 317 319 325 328 329 335 337 343 346 347
50: 54 55 56 57 58 59 82 83 84 88 89 90 92 93 94 95 96 97 98 99 100 101 104 105 109 110 115 117 132 133 138 140 144 146 156 159 160 165 166 215 218 228 230 250 274 306 307 311 312 317 319 325 328 329 335 337 343 346 347
55: 54 55 56 57 58 59 82 83 84 88 89 90 92 93 94 95 96 97 98 99 100 101 104 105 109 110 115 117 132 133 138 140 144 146 156 159 160 165 166 215 218 228 230 250 274 306 307 311 312 317 319 325 328 329 335 337 343 346 347
60: 54 55 56 57 58 59 82 83 84 88 89 90 92 93 94 95 96 97 98 99 100 101 104 105 109 110 115 117 132 133 138 140 144 146 156 159 160 165 166 215 218 228 230 250 274 306 307 311 312 317 319 325 328 329 335 337 343 346 347
65: 54 55 56 57 58 59 82 83 84 88 89 90 92 93 94 95 96 97 98 99 100 101 104 105 109 110 115 117 132 133 138 140 144 146 156 159 160 165 166 215 218 228 230 250 274 306 307 311 312 317 319 325 328 329 335 337 343 346 347
70: 54 55 56 57 58 59 82 83 84 88 89 90 92 93 94 95 96 97 98 99 100 101 104 105 109 110 115 117 132 133 138 140 144 146 156 159 160 165 166 215 218 228 230 250 274 306 307 311 312 317 319 325 328 329 335 337 343 346 347
75: 54 55 56 57 58 59 82 83 84 88 89 90 92 93 94 95 96 97 98 99 100 101 104 105 109 110 115 117 132 133 138 140 144 146 156 159 160 165 166 215 218 228 230 250 274 306 307 311 312 317 319 325 328 329 335 337 343 346 347
80: 54 55 56 57 58 59 82 83 84 88 89 90 92 93 94 95 96 97 98 99 100 101 104 105 109 110 115 117 132 133 138 140 144 146 156 159 160 165 166 215 218 228 230 250 274 306 307 311 312 317 319 325 328 329 335 337 343 346 347
85: 54 55 56 57 58 59 82 83 84 88 89 90 92 93 94 95 96 97 98 99 100 101 104 105 109 110 115 117 132 133 138 140 144 146 156 159 160 165 166 215 218 228 230 250 274 306 307 311 312 317 319 325 328 329 335 337 343 346 347
90: 54 55 56 57 58 59 82 83 84 88 89 90 92 93 94 95 96 97 98 99 100 101 104 105 109 110 115 117 132 133 138 140 144 146 156 159 160 165 166 215 218 228 230 250 274 306 307 311 312 317 319 325 328 329 335 337 343 346 347
95: 54 55 56 57 58 59 82 83 84 88 89 90 92 93 94 95 96 97 98 99 100 101 104 105 109 110 115 117 132 133 138 140 144 146 156 159 160 165 166 215 218 228 230 250 274 306 307 311 312 317 319 325 328 329 335 337 343 346 347
100: 54 55 56 57 58 59 82 83 84 88 89 90 92 93 94 95 96 97 98 99 100 101 104 105 109 110 115 117 132 133 138 140 144 146 156 159 160 165 166 215 218 228 230 250 274 306 307 311 312 317 319 325 328 329 335 337 343 346 347
