5: 54 55 56 57 58 59 82 83 84 88 89 90 92 109 110 117 126 129 132 133 138 140 146 165 166 215 216 218 281 311 312 317 319 321 322 323 324 325 328 329 335 337 339 341 342 343 346 347
10: 54 55 56 57 58 59 82 83 84 88 89 90 92 93 104 105 109 110 117 126 129 132 133 138 140 146 156 159 165 166 215 216 218 255 281 311 312 317 319 321 322 323 324 325 328 329 335 337 339 341 342 343 346 347
15: 54 55 56 57 58 59 82 83 84 88 89 90 92 93 104 105 109 110 117 126 129 132 133 138 140 146 150 154 156 159 160 165 166 215 216 218 234 235 255 256 281 311 312 317 319 321 322 323 324 325 328 329 335 337 339 341 342 343 346 347
20: 54 55 56 57 58 59 82 83 84 88 89 90 92 93 104 105 109 110 117 126 129 132 133 138 140 146 148 149 150 154 155 156 159 160 165 166 215 216 218 230 234 235 255 256 281 282 307 311 312 317 319 321 322 323 324 325 328 329 335 337 339 341 342 343 346 347
25: 88 89 90 92 93 94 104 105 146 148 149 150 154 155 156 159 160 230 234 235 236 250 255 256 257 276 281 282 298 299 307 319 322 325 328 329 337
30: 54 55 56 57 58 59 82 83 84 88 89 90 92 93 94 95 96 100 101 104 105 109 110 117 126 129 132 133 138 140 146 148 149 150 154 155 156 159 160 165 166 215 216 218 230 234 235 236 250 255 256 257 276 281 282 283 298 299 306 307 311 312 317 319 321 322 323 324 325 328 329 335 337 339 341 342 343 346 347
35: 54 55 56 57 58 59 82 83 84 88 89 90 92 93 94 95 96 97 98 100 101 104 105 109 110 117 126 129 132 133 138 140 144 146 148 149 150 154 155 156 159 160 165 166 215 216 218 230 234 235 236 250 252 253 255 256 257 276 278 279 281 282 283 298 299 300 306 307 311 312 317 319 321 322 323 324 325 328 329 335 337 339 341 342 343 346 347
40: 54 55 56 57 58 59 82 83 84 88 89 90 92 93 94 95 96 97 98 99 100 101 104 105 109 110 117 126 129 132 133 138 140 144 146 148 149 150 154 155 156 159 160 165 166 215 216 218 230 232 234 235 236 248 250 252 253 255 256 257 276 278 279 281 282 283 298 299 300 302 303 306 307 311 312 317 319 321 322 323 324 325 328 329 335 337 339 341 342 343 346 347
45: 54 55 56 57 58 59 82 83 84 88 89 90 92 93 94 95 96 97 98 99 100 101 104 105 109 110 117 126 129 132 133 138 140 144 146 148 149 150 154 155 156 159 160 165 166 215 216 218 230 232 234 235 236 248 250 252 253 255 256 257 276 278 279 281 282 283 298 299 300 302 303 306 307 311 312 317 319 321 322 323 324 325 328 329 335 337 339 341 342 343 346 347
50: 54 55 56 57 58 59 82 83 84 88 89 90 92 93 94 95 96 97 98 99 100 101 104 105 109 110 117 126 129 132 133 138 140 144 146 148 149 150 154 155 156 159 160 165 166 215 216 218 230 232 234 235 236 248 250 252 253 255 256 257 276 278 279 281 282 283 298 299 300 302 303 306 307 311 312 317 319 321 322 323 324 325 328 329 335 337 339 341 342 343 346 347
55: 54 55 56 57 58 59 82 83 84 88 89 90 92 93 94 95 96 97 98 99 100 101 104 105 109 110 117 126 129 132 133 138 140 144 146 148 149 150 154 155 156 159 160 165 166 215 216 218 230 232 234 235 236 248 250 252 253 255 256 257 276 278 279 281 282 283 298 299 300 302 303 306 307 311 312 317 319 321 322 323 324 325 328 329 335 337 339 341 342 343 346 347
60: 54 55 56 57 58 59 82 83 84 88 89 90 92 93 94 95 96 97 98 99 100 101 104 105 109 110 117 126 129 132 133 138 140 144 146 148 149 150 154 155 156 159 160 165 166 215 216 218 230 232 234 235 236 248 250 252 253 255 256 257 276 278 279 281 282 283 298 299 300 302 303 306 307 311 312 317 319 321 322 323 324 325 328 329 335 337 339 341 342 343 346 347
65: 54 55 56 57 58 59 82 83 84 88 89 90 92 93 94 95 96 97 98 99 100 101 104 105 109 110 117 126 129 132 133 138 140 144 146 148 149 150 154 155 156 159 160 165 166 215 216 218 230 232 234 235 236 248 250 252 253 255 256 257 276 278 279 281 282 283 298 299 300 302 303 306 307 311 312 317 319 321 322 323 324 325 328 329 335 337 339 341 342 343 346 347
70: 54 55 56 57 58 59 82 83 84 88 89 90 92 93 94 95 96 97 98 99 100 101 104 105 109 110 117 126 129 132 133 138 140 144 146 148 149 150 154 155 156 159 160 165 166 215 216 218 230 232 234 235 236 248 250 252 253 255 256 257 276 278 279 281 282 283 298 299 300 302 303 306 307 311 312 317 319 321 322 323 324 325 328 329 335 337 339 341 342 343 346 347
75: 54 55 56 57 58 59 82 83 84 88 89 90 92 93 94 95 96 97 98 99 100 101 104 105 109 110 117 126 129 132 133 138 140 144 146 148 149 150 154 155 156 159 160 165 166 215 216 218 230 232 234 235 236 248 250 252 253 255 256 257 276 278 279 281 282 283 298 299 300 302 303 306 307 311 312 317 319 321 322 323 324 325 328 329 335 337 339 341 342 343 346 347
80: 54 55 56 57 58 59 82 83 84 88 89 90 92 93 94 95 96 97 98 99 100 101 104 105 109 110 117 126 129 132 133 138 140 144 146 148 149 150 154 155 156 159 160 165 166 215 216 218 230 232 234 235 236 248 250 252 253 255 256 257 276 278 279 281 282 283 298 299 300 302 303 306 307 311 312 317 319 321 322 323 324 325 328 329 335 337 339 341 342 343 346 347
85: 54 55 56 57 58 59 82 83 84 88 89 90 92 93 94 95 96 97 98 99 100 101 104 105 109 110 117 126 129 132 133 138 140 144 146 148 149 150 154 155 156 159 160 165 166 215 216 218 230 232 234 235 236 248 250 252 253 255 256 257 276 278 279 281 282 283 298 299 300 302 303 306 307 311 312 317 319 321 322 323 324 325 328 329 335 337 339 341 342 343 346 347
90: 54 55 56 57 58 59 82 83 84 88 89 90 92 93 94 95 96 97 98 99 100 101 104 105 109 110 117 126 129 132 133 138 140 144 146 148 149 150 154 155 156 159 160 165 166 215 216 218 230 232 234 235 236 248 250 252 253 255 256 257 276 278 279 281 282 283 298 299 300 302 303 306 307 311 312 317 319 321 322 323 324 325 328 329 335 337 339 341 342 343 346 347
95: 54 55 56 57 58 59 82 83 84 88 89 90 92 93 94 95 96 97 98 99 100 101 104 105 109 110 117 126 129 132 133 138 140 144 146 148 149 150 154 155 156 159 160 165 166 215 216 218 230 232 234 235 236 248 250 252 253 255 256 257 276 278 279 281 282 283 298 299 300 302 303 306 307 311 312 317 319 321 322 323 324 325 328 329 335 337 339 341 342 343 346 347
100: 54 55 56 57 58 59 82 83 84 88 89 90 92 93 94 95 96 97 98 99 100 101 104 105 109 110 117 126 129 132 133 138 140 144 146 148 149 150 154 155 156 159 160 165 166 215 216 218 230 232 234 235 236 248 250 252 253 255 256 257 276 278 279 281 282 283 298 299 300 302 303 306 307 311 312 317 319 321 322 323 324 325 328 329 335 337 339 341 342 343 346 347
