5: 92 93 104 105 156 254 317 319 321 325 328 335 337 339 340 341 342 343 346 347
10: 56 57 82 83 84 88 89 90 92 93 104 105 109 110 140 144 146 156 165 166 218 254 280 311 312 317 319 321 325 328 335 337 339 340 341 342 343 346 347
15: 56 57 82 83 84 88 89 90 92 93 104 105 109 110 140 144 146 156 159 160 165 166 218 228 233 254 255 280 306 311 312 317 319 321 325 328 329 335 337 339 340 341 342 343 346 347
20: 56 57 82 83 84 88 89 90 92 93 104 105 109 110 140 144 146 149 150 155 156 159 160 165 166 218 228 230 233 234 254 255 256 280 306 311 312 317 319 321 325 328 329 335 337 339 340 341 342 343 346 347
25: 55 56 57 58 82 83 84 88 89 90 92 93 104 105 109 110 140 144 146 148 149 150 154 155 156 159 160 165 166 218 228 230 233 234 252 254 255 256 276 280 282 300 306 307 311 312 317 319 321 322 325 328 329 335 337 339 340 341 342 343 346 347
30: 54 55 56 57 58 59 82 83 84 88 89 90 92 93 104 105 109 110 140 144 146 148 149 150 154 155 156 159 160 165 166 218 228 230 233 234 235 236 250 252 253 254 255 256 257 276 280 282 298 299 300 306 307 311 312 317 319 321 322 323 324 325 328 329 335 337 339 340 341 342 343 346 347
35: 54 55 56 57 58 59 82 83 84 88 89 90 92 93 94 95 96 100 104 105 109 110 138 140 144 146 148 149 150 154 155 156 159 160 165 166 215 218 228 230 233 234 235 236 250 252 253 254 255 256 257 276 278 279 280 281 282 283 298 299 300 306 307 311 312 317 319 321 322 323 324 325 328 329 335 337 339 340 341 342 343 346 347
40: 54 55 56 57 58 59 82 83 84 88 89 90 92 93 94 95 96 97 99 100 101 104 105 109 110 138 140 144 146 148 149 150 154 155 156 159 160 165 166 215 218 228 230 232 233 234 235 236 250 252 253 254 255 256 257 276 278 279 280 281 282 283 298 299 300 302 306 307 311 312 317 319 321 322 323 324 325 328 329 335 337 339 340 341 342 343 346 347
45: 54 55 56 57 58 59 82 83 84 88 89 90 92 93 94 95 96 97 98 99 100 101 104 105 109 110 138 140 144 146 148 149 150 154 155 156 159 160 165 166 215 218 228 230 232 233 234 235 236 250 252 253 254 255 256 257 263 276 278 279 280 281 282 283 289 293 296 298 299 300 302 303 306 307 311 312 317 319 321 322 323 324 325 328 329 335 337 339 340 341 342 343 346 347
50: 54 55 56 57 58 59 82 83 84 88 89 90 92 93 94 95 96 97 98 99 100 101 104 105 109 110 138 140 144 146 148 149 150 154 155 156 159 160 165 166 215 218 228 230 232 233 234 235 236 242 250 252 253 254 255 256 257 263 269 274 276 278 279 280 281 282 283 289 293 296 298 299 300 302 303 306 307 311 312 317 319 321 322 323 324 325 328 329 335 337 339 340 341 342 343 346 347
55: 54 55 56 57 58 59 82 83 84 88 89 90 92 93 94 95 96 97 98 99 100 101 104 105 109 110 138 140 144 146 148 149 150 154 155 156 159 160 165 166 215 218 228 230 232 233 234 235 236 242 250 252 253 254 255 256 257 263 269 274 276 278 279 280 281 282 283 289 293 296 298 299 300 302 303 306 307 311 312 317 319 321 322 323 324 325 328 329 335 337 339 340 341 342 343 346 347
60: 54 55 56 57 58 59 82 83 84 88 89 90 92 93 94 95 96 97 98 99 100 101 104 105 109 110 138 140 144 146 148 149 150 154 155 156 159 160 165 166 215 218 228 230 232 233 234 235 236 242 250 252 253 254 255 256 257 263 269 274 276 278 279 280 281 282 283 289 293 296 298 299 300 302 303 306 307 311 312 317 319 321 322 323 324 325 328 329 335 337 339 340 341 342 343 346 347
65: 54 55 56 57 58 59 82 83 84 88 89 90 92 93 94 95 96 97 98 99 100 101 104 105 109 110 138 140 144 146 148 149 150 154 155 156 159 160 165 166 215 218 228 230 232 233 234 235 236 242 250 252 253 254 255 256 257 263 269 274 276 278 279 280 281 282 283 289 293 296 298 299 300 302 303 306 307 311 312 317 319 321 322 323 324 325 328 329 335 337 339 340 341 342 343 346 347
70: 54 55 56 57 58 59 82 83 84 88 89 90 92 93 94 95 96 97 98 99 100 101 104 105 109 110 138 140 144 146 148 149 150 154 155 156 159 160 165 166 215 218 228 230 232 233 234 235 236 242 250 252 253 254 255 256 257 263 269 274 276 278 279 280 281 282 283 289 293 296 298 299 300 302 303 306 307 311 312 317 319 321 322 323 324 325 328 329 335 337 339 340 341 342 343 346 347
75: 54 55 56 57 58 59 82 83 84 88 89 90 92 93 94 95 96 97 98 99 100 101 104 105 109 110 138 140 144 146 148 149 150 154 155 156 159 160 165 166 215 218 228 230 232 233 234 235 236 242 250 252 253 254 255 256 257 263 269 274 276 278 279 280 281 282 283 289 293 296 298 299 300 302 303 306 307 311 312 317 319 321 322 323 324 325 328 329 335 337 339 340 341 342 343 346 347
80: 54 55 56 57 58 59 82 83 84 88 89 90 92 93 94 95 96 97 98 99 100 101 104 105 109 110 138 140 144 146 148 149 150 154 155 156 159 160 165 166 215 218 228 230 232 233 234 235 236 242 250 252 253 254 255 256 257 263 269 274 276 278 279 280 281 282 283 289 293 296 298 299 300 302 303 306 307 311 312 317 319 321 322 323 324 325 328 329 335 337 339 340 341 342 343 346 347
85: 54 55 56 57 58 59 82 83 84 88 89 90 92 93 94 95 96 97 98 99 100 101 104 105 109 110 138 140 144 146 148 149 150 154 155 156 159 160 165 166 215 218 228 230 232 233 234 235 236 242 250 252 253 254 255 256 257 263 269 274 276 278 279 280 281 282 283 289 293 296 298 299 300 302 303 306 307 311 312 317 319 321 322 323 324 325 328 329 335 337 339 340 341 342 343 346 347
90: 54 55 56 57 58 59 82 83 84 88 89 90 92 93 94 95 96 97 98 99 100 101 104 105 109 110 138 140 144 146 148 149 150 154 155 156 159 160 165 166 215 218 228 230 232 233 234 235 236 242 250 252 253 254 255 256 257 263 269 274 276 278 279 280 281 282 283 289 293 296 298 299 300 302 303 306 307 311 312 317 319 321 322 323 324 325 328 329 335 337 339 340 341 342 343 346 347
95: 54 55 56 57 58 59 82 83 84 88 89 90 92 93 94 95 96 97 98 99 100 101 104 105 109 110 138 140 144 146 148 149 150 154 155 156 159 160 165 166 215 218 228 230 232 233 234 235 236 242 250 252 253 254 255 256 257 263 269 274 276 278 279 280 281 282 283 289 293 296 298 299 300 302 303 306 307 311 312 317 319 321 322 323 324 325 328 329 335 337 339 340 341 342 343 346 347
100: 54 55 56 57 58 59 82 83 84 88 89 90 92 93 94 95 96 97 98 99 100 101 104 105 109 110 138 140 144 146 148 149 150 154 155 156 159 160 165 166 215 218 228 230 232 233 234 235 236 242 250 252 253 254 255 256 257 263 269 274 276 278 279 280 281 282 283 289 293 296 298 299 300 302 303 306 307 311 312 317 319 321 322 323 324 325 328 329 335 337 339 340 341 342 343 346 347
