5: 82 92 93 104 105 232 252 319
10: 88 89 92 93 104 105 156 159 160 232 252 253 319 335
15: 54 57 82 83 84 88 89 90 92 93 104 105 109 110 138 140 144 146 148 156 159 160 165 166 215 218 228 232 252 253 278 311 312 317 319 321 325 328 329 335 337 339 343 346 347
20: 54 55 56 57 58 59 82 83 84 88 89 90 92 93 94 95 104 105 109 110 138 140 144 146 148 156 159 160 165 166 215 218 228 230 232 252 253 278 279 306 307 311 312 317 319 321 325 328 329 335 337 339 343 346 347
25: 54 55 56 57 58 59 82 83 84 88 89 90 92 93 94 95 96 97 98 100 101 104 105 109 110 138 140 144 146 148 156 159 160 165 166 215 218 228 230 232 252 253 278 279 306 307 311 312 317 319 321 325 328 329 335 337 339 343 346 347
30: 54 55 56 57 58 59 82 83 84 88 89 90 92 93 94 95 96 97 98 99 100 101 104 105 109 110 138 140 144 146 148 156 159 160 165 166 215 218 228 230 232 252 253 268 278 279 306 307 311 312 317 319 321 325 328 329 335 337 339 343 346 347
35: 54 55 56 57 58 59 82 83 84 88 89 90 92 93 94 95 96 97 98 99 100 101 104 105 109 110 138 140 144 146 148 156 159 160 165 166 215 218 228 230 232 252 253 268 278 279 306 307 311 312 317 319 321 325 328 329 335 337 339 343 346 347
40: 54 55 56 57 58 59 82 83 84 88 89 90 92 93 94 95 96 97 98 99 100 101 104 105 109 110 138 140 144 146 148 156 159 160 165 166 215 218 228 230 232 252 253 268 278 279 306 307 311 312 317 319 321 325 328 329 335 337 339 343 346 347
45: 54 55 56 57 58 59 82 83 84 88 89 90 92 93 94 95 96 97 98 99 100 101 104 105 109 110 138 140 144 146 148 156 159 160 165 166 215 218 228 230 232 252 253 268 278 279 306 307 311 312 317 319 321 325 328 329 335 337 339 343 346 347
50: 54 55 56 57 58 59 82 83 84 88 89 90 92 93 94 95 96 97 98 99 100 101 104 105 109 110 138 140 144 146 148 156 159 160 165 166 215 218 228 230 232 252 253 268 278 279 306 307 311 312 317 319 321 325 328 329 335 337 339 343 346 347
55: 54 55 56 57 58 59 82 83 84 88 89 90 92 93 94 95 96 97 98 99 100 101 104 105 109 110 138 140 144 146 148 156 159 160 165 166 215 218 228 230 232 252 253 268 278 279 306 307 311 312 317 319 321 325 328 329 335 337 339 343 346 347
60: 54 55 56 57 58 59 82 83 84 88 89 90 92 93 94 95 96 97 98 99 100 101 104 105 109 110 138 140 144 146 148 156 159 160 165 166 215 218 228 230 232 252 253 268 278 279 306 307 311 312 317 319 321 325 328 329 335 337 339 343 346 347
65: 54 55 56 57 58 59 82 83 84 88 89 90 92 93 94 95 96 97 98 99 100 101 104 105 109 110 138 140 144 146 148 156 159 160 165 166 215 218 228 230 232 252 253 268 278 279 306 307 311 312 317 319 321 325 328 329 335 337 339 343 346 347
70: 54 55 56 57 58 59 82 83 84 88 89 90 92 93 94 95 96 97 98 99 100 101 104 105 109 110 138 140 144 146 148 156 159 160 165 166 215 218 228 230 232 252 253 268 278 279 306 307 311 312 317 319 321 325 328 329 335 337 339 343 346 347
75: 54 55 56 57 58 59 82 83 84 88 89 90 92 93 94 95 96 97 98 99 100 101 104 105 109 110 138 140 144 146 148 156 159 160 165 166 215 218 228 230 232 252 253 268 278 279 306 307 311 312 317 319 321 325 328 329 335 337 339 343 346 347
80: 54 55 56 57 58 59 82 83 84 88 89 90 92 93 94 95 96 97 98 99 100 101 104 105 109 110 138 140 144 146 148 156 159 160 165 166 215 218 228 230 232 252 253 268 278 279 306 307 311 312 317 319 321 325 328 329 335 337 339 343 346 347
85: 54 55 56 57 58 59 82 83 84 88 89 90 92 93 94 95 96 97 98 99 100 101 104 105 109 110 138 140 144 146 148 156 159 160 165 166 215 218 228 230 232 252 253 268 278 279 306 307 311 312 317 319 321 325 328 329 335 337 339 343 346 347
90: 54 55 56 57 58 59 82 83 84 88 89 90 92 93 94 95 96 97 98 99 100 101 104 105 109 110 138 140 144 146 148 156 159 160 165 166 215 218 228 230 232 252 253 268 278 279 306 307 311 312 317 319 321 325 328 329 335 337 339 343 346 347
95: 54 55 56 57 58 59 82 83 84 88 89 90 92 93 94 95 96 97 98 99 100 101 104 105 109 110 138 140 144 146 148 156 159 160 165 166 215 218 228 230 232 252 253 268 278 279 306 307 311 312 317 319 321 325 328 329 335 337 339 343 346 347
100: 54 55 56 57 58 59 82 83 84 88 89 90 92 93 94 95 96 97 98 99 100 101 104 105 109 110 138 140 144 146 148 156 159 160 165 166 215 218 228 230 232 252 253 268 278 279 306 307 311 312 317 319 321 325 328 329 335 337 339 343 346 347
