5: 11 12 16 17 21 22 82 83 84 88 92 109 110 115 116 117 119 120 121 122 123 124 125 126 128 129 132 133 140 146 165 166 178 182 183 198 202 218 254 280 317 318 319 321 322 323 324 325 328 329 335 336 337 339 340 341 342 343 346 347
10: 11 12 17 22 82 88 89 90 92 93 105 109 110 156 159 160 165 166 182 198 202 218 222 254 311 312 321 325 328 329 339
15: 11 12 82 83 84 88 89 90 92 93 105 109 110 140 146 151 152 153 156 159 160 165 166 182 218 222 233 254 280 311
20: 8 11 12 14 15 16 17 20 21 22 82 83 84 88 89 90 92 93 104 105 109 110 115 116 117 119 120 121 122 123 124 125 126 127 128 129 132 133 140 146 148 149 150 151 152 153 154 156 159 160 165 166 182 183 198 202 218 222 233 252 254 278 280 311 312 317 318 319 321 322 323 324 325 328 329 335 336 337 339 340 341 342 343 346 347
25: 8 11 12 14 16 17 21 22 82 83 84 88 89 90 92 93 104 105 109 110 115 116 117 119 120 121 122 123 124 126 128 129 132 133 140 144 146 148 149 150 151 152 153 154 155 156 159 160 165 166 182 183 198 202 218 222 229 230 233 252 254 278 279 280 302 311 312 317 318 319 321 322 323 324 325 328 329 335 336 337 339 340 341 342 343 346 347
30: 8 11 12 14 15 16 17 20 21 22 82 83 84 88 89 90 92 93 104 105 109 110 115 116 117 119 120 121 122 123 124 125 126 127 128 129 132 133 140 144 145 146 148 149 150 151 152 153 154 155 156 159 160 165 166 178 182 183 198 202 218 222 229 230 232 233 252 253 254 278 279 280 283 290 302 306 307 311 312 317 318 319 321 322 323 324 325 328 329 335 336 337 339 340 341 342 343 346 347
35: 8 11 12 14 15 16 17 20 21 22 57 82 83 84 88 89 90 92 93 94 104 105 109 110 115 116 117 119 120 121 122 123 124 125 126 127 128 129 132 133 140 144 145 146 148 149 150 151 152 153 154 155 156 159 160 165 166 178 182 183 198 202 218 222 228 229 230 232 233 250 252 253 254 278 279 280 283 290 291 299 302 303 306 307 311 312 317 318 319 321 322 323 324 325 328 329 335 336 337 339 340 341 342 343 346 347
40: 8 11 12 14 15 16 17 20 21 22 57 82 83 84 88 89 90 92 93 94 101 104 105 109 110 115 116 117 119 120 121 122 123 124 125 126 127 128 129 132 133 140 144 145 146 148 149 150 151 152 153 154 155 156 159 160 165 166 178 182 183 198 202 218 222 228 229 230 232 233 235 239 250 252 253 254 257 265 276 278 279 280 283 290 291 298 299 302 303 306 307 311 312 317 318 319 321 322 323 324 325 328 329 335 336 337 339 340 341 342 343 346 347
45: 11 12 22 57 82 83 84 88 89 90 92 93 94 99 101 104 105 109 110 117 132 133 140 144 145 146 148 149 150 151 152 153 154 155 156 159 160 165 166 182 198 202 218 222 228 229 230 232 233 235 239 250 252 253 254 257 265 276 278 279 280 283 288 290 291 294 296 297 298 299 301 302 303 306 307 311 312 317 318 319 321 323 324 325 328 329 335 337 339 340 341 342 343 346 347
50: 11 12 17 22 55 56 57 58 82 83 84 88 89 90 92 93 94 99 101 104 105 109 110 117 133 140 144 145 146 148 149 150 151 152 153 154 155 156 159 160 165 166 182 198 202 218 222 228 229 230 232 233 235 239 250 252 253 254 257 262 263 265 276 278 279 280 282 283 288 289 290 291 293 294 295 296 297 298 299 301 302 303 306 307 311 312 317 318 319 321 323 324 325 328 329 335 337 339 340 341 342 343 346 347
55: 8 11 12 14 15 16 17 20 21 22 54 55 56 57 58 82 83 84 88 89 90 92 93 94 95 96 97 98 99 101 104 105 109 110 115 116 117 119 120 121 122 123 124 125 126 127 128 129 132 133 140 144 145 146 148 149 150 151 152 153 154 155 156 159 160 165 166 178 182 183 198 202 218 222 228 229 230 232 233 235 239 248 250 252 253 254 257 262 263 265 268 276 278 279 280 282 283 288 289 290 291 293 294 295 296 297 298 299 301 302 303 306 307 311 312 317 318 319 321 322 323 324 325 328 329 335 336 337 339 340 341 342 343 346 347
60: 11 12 16 17 21 22 54 55 56 57 58 82 83 84 88 89 90 92 93 94 95 96 97 98 99 100 101 104 105 109 110 115 116 117 121 122 123 124 128 129 132 133 140 144 145 146 148 149 150 151 152 153 154 155 156 159 160 165 166 182 198 202 216 218 222 228 229 230 232 233 235 239 244 248 250 252 253 254 256 257 262 263 265 268 270 274 276 278 279 280 282 283 288 289 290 291 292 293 294 295 296 297 298 299 300 301 302 303 306 307 311 312 317 318 319 321 322 323 324 325 328 329 335 336 337 339 340 341 342 343 346 347
65: 11 12 16 17 21 22 54 55 56 57 58 82 83 84 88 89 90 92 93 94 95 96 97 98 99 100 101 104 105 109 110 115 116 117 121 122 123 124 128 129 132 133 140 144 145 146 148 149 150 151 152 153 154 155 156 159 160 165 166 182 198 202 218 222 228 229 230 232 233 235 236 239 241 242 243 244 248 250 252 253 254 256 257 262 263 265 268 270 271 272 273 274 276 278 279 280 281 282 283 288 289 290 291 292 293 294 295 296 297 298 299 300 301 302 303 306 307 311 312 317 318 319 321 322 323 324 325 328 329 335 336 337 339 340 341 342 343 346 347
70: 8 11 12 14 15 16 17 20 21 22 54 55 56 57 58 82 83 84 88 89 90 92 93 94 95 96 97 98 99 100 101 104 105 109 110 115 116 117 119 120 121 122 123 124 125 126 127 128 129 132 133 140 144 145 146 148 149 150 151 152 153 154 155 156 159 160 165 166 178 182 183 198 202 216 218 222 228 229 230 232 233 235 236 238 239 241 242 243 244 248 250 252 253 254 256 257 262 263 265 268 270 271 272 273 274 276 278 279 280 281 282 283 288 289 290 291 292 293 294 295 296 297 298 299 300 301 302 303 306 307 311 312 317 318 319 321 322 323 324 325 328 329 335 336 337 339 340 341 342 343 346 347
75: 8 11 12 14 15 16 17 20 21 22 54 55 56 57 58 82 83 84 88 89 90 92 93 94 95 96 97 98 99 100 101 104 105 109 110 115 116 117 119 120 121 122 123 124 125 126 127 128 129 132 133 140 144 145 146 148 149 150 151 152 153 154 155 156 159 160 165 166 178 182 183 198 202 216 218 222 228 229 230 232 233 235 236 238 239 241 242 243 244 248 250 252 253 254 256 257 262 263 265 268 270 271 272 273 274 276 278 279 280 281 282 283 288 289 290 291 292 293 294 295 296 297 298 299 300 301 302 303 306 307 311 312 317 318 319 321 322 323 324 325 328 329 335 336 337 339 340 341 342 343 346 347
80: 8 11 12 14 15 16 17 20 21 22 54 55 56 57 58 82 83 84 88 89 90 92 93 94 95 96 97 98 99 100 101 104 105 109 110 115 116 117 119 120 121 122 123 124 125 126 127 128 129 132 133 140 144 145 146 148 149 150 151 152 153 154 155 156 159 160 165 166 178 182 183 198 202 216 218 222 228 229 230 232 233 235 236 238 239 241 242 243 244 248 250 252 253 254 256 257 262 263 265 268 270 271 272 273 274 276 278 279 280 281 282 283 288 289 290 291 292 293 294 295 296 297 298 299 300 301 302 303 306 307 311 312 317 318 319 321 322 323 324 325 328 329 335 336 337 339 340 341 342 343 346 347
85: 8 11 12 14 15 16 17 20 21 22 54 55 56 57 58 82 83 84 88 89 90 92 93 94 95 96 97 98 99 100 101 104 105 109 110 115 116 117 119 120 121 122 123 124 125 126 127 128 129 132 133 140 144 145 146 148 149 150 151 152 153 154 155 156 159 160 165 166 178 182 183 198 202 216 218 222 228 229 230 232 233 235 236 238 239 241 242 243 244 248 250 252 253 254 256 257 262 263 265 268 270 271 272 273 274 276 278 279 280 281 282 283 288 289 290 291 292 293 294 295 296 297 298 299 300 301 302 303 306 307 311 312 317 318 319 321 322 323 324 325 328 329 335 336 337 339 340 341 342 343 346 347
90: 8 11 12 14 15 16 17 20 21 22 54 55 56 57 58 82 83 84 88 89 90 92 93 94 95 96 97 98 99 100 101 104 105 109 110 115 116 117 119 120 121 122 123 124 125 126 127 128 129 132 133 140 144 145 146 148 149 150 151 152 153 154 155 156 159 160 165 166 178 182 183 198 202 216 218 222 228 229 230 232 233 235 236 238 239 241 242 243 244 248 250 252 253 254 256 257 262 263 265 268 270 271 272 273 274 276 278 279 280 281 282 283 288 289 290 291 292 293 294 295 296 297 298 299 300 301 302 303 306 307 311 312 317 318 319 321 322 323 324 325 328 329 335 336 337 339 340 341 342 343 346 347
95: 8 11 12 14 15 16 17 20 21 22 54 55 56 57 58 82 83 84 88 89 90 92 93 94 95 96 97 98 99 100 101 104 105 109 110 115 116 117 119 120 121 122 123 124 125 126 127 128 129 132 133 140 144 145 146 148 149 150 151 152 153 154 155 156 159 160 165 166 178 182 183 198 202 216 218 222 228 229 230 232 233 235 236 238 239 241 242 243 244 248 250 252 253 254 256 257 262 263 265 268 270 271 272 273 274 276 278 279 280 281 282 283 288 289 290 291 292 293 294 295 296 297 298 299 300 301 302 303 306 307 311 312 317 318 319 321 322 323 324 325 328 329 335 336 337 339 340 341 342 343 346 347
100: 8 11 12 14 15 16 17 20 21 22 54 55 56 57 58 82 83 84 88 89 90 92 93 94 95 96 97 98 99 100 101 104 105 109 110 115 116 117 119 120 121 122 123 124 125 126 127 128 129 132 133 140 144 145 146 148 149 150 151 152 153 154 155 156 159 160 165 166 178 182 183 198 202 216 218 222 228 229 230 232 233 235 236 238 239 241 242 243 244 248 250 252 253 254 256 257 262 263 265 268 270 271 272 273 274 276 278 279 280 281 282 283 288 289 290 291 292 293 294 295 296 297 298 299 300 301 302 303 306 307 311 312 317 318 319 321 322 323 324 325 328 329 335 336 337 339 340 341 342 343 346 347
