5: 11 12 17 22 57 82 83 84 88 89 90 109 110 117 138 140 146 165 166 182 215 218 230 311 312 319
10: 8 11 12 14 15 16 17 19 20 21 22 54 55 56 57 58 59 82 83 84 88 89 90 92 109 110 117 138 140 146 149 156 159 160 165 166 178 182 198 199 215 218 230 311 312 319 337
15: 11 12 17 22 82 88 89 90 92 93 104 117 138 140 146 148 149 156 159 160 182 230 255 319 321 323 325 328 329 337 340 341 343 346 347
20: 11 12 17 82 83 84 88 89 90 92 93 104 105 109 117 126 138 140 146 148 149 154 155 156 159 160 165 215 230 302 303 311 312 319 321 322 323 324 325 328 329 337 339 340 341 342 343 346 347
25: 82 88 89 90 92 93 104 105 117 122 126 128 129 133 138 140 146 148 149 154 155 156 159 160 230 274 276 278 281 282 288 300 301 302 303 319 321 322 323 324 325 328 329 337 339 340 341 342 343 346 347
30: 8 11 12 14 15 16 17 19 20 21 22 54 55 56 57 58 59 82 83 84 88 89 90 92 93 94 104 105 109 110 117 121 122 126 127 128 129 132 133 138 140 146 148 149 154 155 156 159 160 165 166 178 182 198 199 215 218 230 232 255 256 274 276 278 279 281 282 283 288 291 297 300 301 302 303 311 312 319 321 322 323 324 325 328 329 337 339 340 341 342 343 346 347
35: 11 12 17 22 82 84 88 89 90 92 93 94 104 105 117 119 120 121 122 124 126 127 128 129 132 133 138 140 146 148 149 154 155 156 159 160 165 182 230 232 248 253 254 255 256 274 276 278 279 281 282 283 288 289 291 295 297 298 300 301 302 303 306 319 321 322 323 324 325 328 329 337 339 340 341 342 343 346 347
40: 11 12 17 82 83 84 88 89 90 92 93 94 104 105 109 110 117 119 120 121 122 124 126 127 128 129 132 133 138 140 146 148 149 150 154 155 156 159 160 165 166 182 215 218 230 232 233 248 250 252 253 254 255 256 273 274 276 278 279 280 281 282 283 288 289 290 291 295 297 298 299 300 301 302 303 306 311 312 319 321 322 323 324 325 328 329 337 339 340 341 342 343 346 347
45: 8 11 12 14 15 16 17 19 20 21 22 54 55 56 57 58 59 82 83 84 88 89 90 92 93 94 104 105 109 110 117 119 120 121 122 124 125 126 127 128 129 132 133 138 140 146 148 149 150 153 154 155 156 159 160 165 166 178 182 198 199 215 218 230 232 233 234 246 248 250 252 253 254 255 256 265 273 274 276 278 279 280 281 282 283 288 289 290 291 295 296 297 298 299 300 301 302 303 306 307 311 312 319 321 322 323 324 325 328 329 337 339 340 341 342 343 346 347
50: 11 12 17 82 84 88 89 90 92 93 94 95 97 100 104 105 115 117 119 120 121 122 123 124 125 126 127 128 129 132 133 138 140 146 148 149 150 153 154 155 156 159 160 182 230 232 233 234 246 248 250 252 253 254 255 256 257 265 269 271 273 274 276 278 279 280 281 282 283 288 289 290 291 295 296 297 298 299 300 301 302 303 306 307 319 321 322 323 324 325 328 329 337 339 340 341 342 343 346 347
55: 11 12 16 17 21 22 57 82 83 84 88 89 90 92 93 94 95 97 100 101 104 105 109 110 117 119 120 121 122 123 124 125 126 127 128 129 132 133 138 140 146 148 149 150 153 154 155 156 159 160 165 166 182 198 199 215 218 230 232 233 234 235 241 244 246 247 248 250 252 253 254 255 256 265 267 269 270 271 273 274 276 278 279 280 281 282 283 288 289 290 291 295 296 297 298 299 300 301 302 303 306 307 311 312 319 321 322 323 324 325 328 329 337 339 340 341 342 343 346 347
60: 8 11 12 14 15 16 17 19 20 21 22 54 55 56 57 58 59 82 83 84 88 89 90 92 93 94 95 96 97 100 101 104 105 109 110 115 117 119 120 121 122 123 124 125 126 127 128 129 132 133 138 140 144 146 148 149 150 152 153 154 155 156 159 160 165 166 178 182 198 199 215 218 228 230 232 233 234 235 236 241 244 246 247 248 250 252 253 254 255 256 257 265 267 269 270 271 273 274 276 278 279 280 281 282 283 288 289 290 291 295 296 297 298 299 300 301 302 303 306 307 311 312 319 321 322 323 324 325 328 329 337 339 340 341 342 343 346 347
65: 8 11 12 14 15 16 17 19 20 21 22 54 55 56 57 58 59 82 83 84 88 89 90 92 93 94 95 96 97 100 101 104 105 109 110 115 117 119 120 121 122 123 124 125 126 127 128 129 132 133 138 140 144 146 148 149 150 152 153 154 155 156 159 160 165 166 178 182 198 199 215 218 228 230 232 233 234 235 236 241 242 244 245 246 247 248 250 252 253 254 255 256 257 265 267 268 269 270 271 272 273 274 276 278 279 280 281 282 283 288 289 290 291 292 295 296 297 298 299 300 301 302 303 306 307 311 312 319 321 322 323 324 325 328 329 337 339 340 341 342 343 346 347
70: 8 11 12 14 15 16 17 19 20 21 22 54 55 56 57 58 59 82 83 84 88 89 90 92 93 94 95 96 97 100 101 104 105 109 110 115 117 119 120 121 122 123 124 125 126 127 128 129 132 133 138 140 144 146 148 149 150 152 153 154 155 156 159 160 165 166 178 182 198 199 215 218 228 230 232 233 234 235 236 241 242 244 245 246 247 248 250 252 253 254 255 256 257 265 267 268 269 270 271 272 273 274 276 278 279 280 281 282 283 288 289 290 291 292 295 296 297 298 299 300 301 302 303 306 307 311 312 319 321 322 323 324 325 328 329 337 339 340 341 342 343 346 347
75: 8 11 12 14 15 16 17 19 20 21 22 54 55 56 57 58 59 82 83 84 88 89 90 92 93 94 95 96 97 100 101 104 105 109 110 115 117 119 120 121 122 123 124 125 126 127 128 129 132 133 138 140 144 146 148 149 150 152 153 154 155 156 159 160 165 166 178 182 198 199 215 218 228 230 232 233 234 235 236 241 242 244 245 246 247 248 250 252 253 254 255 256 257 265 267 268 269 270 271 272 273 274 276 278 279 280 281 282 283 288 289 290 291 292 295 296 297 298 299 300 301 302 303 306 307 311 312 319 321 322 323 324 325 328 329 337 339 340 341 342 343 346 347
80: 8 11 12 14 15 16 17 19 20 21 22 54 55 56 57 58 59 82 83 84 88 89 90 92 93 94 95 96 97 100 101 104 105 109 110 115 117 119 120 121 122 123 124 125 126 127 128 129 132 133 138 140 144 146 148 149 150 152 153 154 155 156 159 160 165 166 178 182 198 199 215 218 228 230 232 233 234 235 236 241 242 244 245 246 247 248 250 252 253 254 255 256 257 265 267 268 269 270 271 272 273 274 276 278 279 280 281 282 283 288 289 290 291 292 295 296 297 298 299 300 301 302 303 306 307 311 312 319 321 322 323 324 325 328 329 337 339 340 341 342 343 346 347
85: 8 11 12 14 15 16 17 19 20 21 22 54 55 56 57 58 59 82 83 84 88 89 90 92 93 94 95 96 97 100 101 104 105 109 110 115 117 119 120 121 122 123 124 125 126 127 128 129 132 133 138 140 144 146 148 149 150 152 153 154 155 156 159 160 165 166 178 182 198 199 215 218 228 230 232 233 234 235 236 241 242 244 245 246 247 248 250 252 253 254 255 256 257 265 267 268 269 270 271 272 273 274 276 278 279 280 281 282 283 288 289 290 291 292 295 296 297 298 299 300 301 302 303 306 307 311 312 319 321 322 323 324 325 328 329 337 339 340 341 342 343 346 347
90: 8 11 12 14 15 16 17 19 20 21 22 54 55 56 57 58 59 82 83 84 88 89 90 92 93 94 95 96 97 100 101 104 105 109 110 115 117 119 120 121 122 123 124 125 126 127 128 129 132 133 138 140 144 146 148 149 150 152 153 154 155 156 159 160 165 166 178 182 198 199 215 218 228 230 232 233 234 235 236 241 242 244 245 246 247 248 250 252 253 254 255 256 257 265 267 268 269 270 271 272 273 274 276 278 279 280 281 282 283 288 289 290 291 292 295 296 297 298 299 300 301 302 303 306 307 311 312 319 321 322 323 324 325 328 329 337 339 340 341 342 343 346 347
95: 8 11 12 14 15 16 17 19 20 21 22 54 55 56 57 58 59 82 83 84 88 89 90 92 93 94 95 96 97 100 101 104 105 109 110 115 117 119 120 121 122 123 124 125 126 127 128 129 132 133 138 140 144 146 148 149 150 152 153 154 155 156 159 160 165 166 178 182 198 199 215 218 228 230 232 233 234 235 236 241 242 244 245 246 247 248 250 252 253 254 255 256 257 265 267 268 269 270 271 272 273 274 276 278 279 280 281 282 283 288 289 290 291 292 295 296 297 298 299 300 301 302 303 306 307 311 312 319 321 322 323 324 325 328 329 337 339 340 341 342 343 346 347
100: 8 11 12 14 15 16 17 19 20 21 22 54 55 56 57 58 59 82 83 84 88 89 90 92 93 94 95 96 97 100 101 104 105 109 110 115 117 119 120 121 122 123 124 125 126 127 128 129 132 133 138 140 144 146 148 149 150 152 153 154 155 156 159 160 165 166 178 182 198 199 215 218 228 230 232 233 234 235 236 241 242 244 245 246 247 248 250 252 253 254 255 256 257 265 267 268 269 270 271 272 273 274 276 278 279 280 281 282 283 288 289 290 291 292 295 296 297 298 299 300 301 302 303 306 307 311 312 319 321 322 323 324 325 328 329 337 339 340 341 342 343 346 347
