5: 11 12 82 88 89 109 110 140 146 165 166 218 280 281 282 322 323 324 325 339 340 341 342 343
10: 11 12 82 88 89 90 92 93 105 109 110 155 156 165 166 182 218 254 255 280 281 282 311 312 322 323 324 325 339
15: 11 12 82 83 84 88 89 90 92 93 105 109 110 140 146 155 156 159 165 166 182 218 233 234 235 254 255 256 280 281 311 312 319 322 323 324 325 339 340 341
20: 11 12 82 83 84 88 89 90 92 93 104 105 109 110 144 146 149 150 154 155 156 159 160 165 166 182 218 233 234 235 254 255 256 280 281 282 322 323 324 325 339 340 341 342 343
25: 11 12 16 17 19 21 22 82 83 84 88 89 90 92 93 104 105 109 110 115 117 120 123 124 126 132 133 140 144 146 148 149 150 154 155 156 159 160 165 166 182 218 228 233 234 235 254 255 256 280 281 282 298 299 307 311 312 317 319 321 322 323 324 325 328 329 335 337 339 340 341 342 343 346 347
30: 11 12 82 83 84 88 89 90 92 93 104 105 109 110 115 117 120 123 124 126 132 133 140 144 146 148 149 150 154 155 156 159 160 165 166 182 218 228 230 233 234 235 236 250 254 255 256 278 280 281 282 289 298 299 302 306 307 311 312 317 319 321 322 323 324 325 328 329 335 337 339 340 341 342 343 346 347
35: 11 12 14 15 16 17 19 20 21 22 56 82 83 84 88 89 90 92 93 94 95 96 101 104 105 109 110 115 117 119 120 123 124 125 126 127 128 129 132 133 140 144 146 148 149 150 154 155 156 159 160 165 166 178 182 183 218 228 230 233 234 235 236 250 254 255 256 257 278 279 280 281 282 289 296 298 299 302 306 307 311 312 317 318 319 321 322 323 324 325 328 329 335 336 337 339 340 341 342 343 346 347
40: 11 12 17 22 56 58 82 83 84 88 89 90 92 93 94 95 96 101 104 105 109 110 138 140 144 146 148 149 150 154 155 156 159 160 165 166 182 218 228 230 233 234 235 236 250 253 254 255 256 257 278 279 280 281 282 283 288 289 295 296 298 299 300 301 302 303 306 307 311 312 317 319 322 323 324 325 329 335 337 339 340 341 342 343 347
45: 11 12 16 17 19 20 21 22 56 57 58 59 82 83 84 88 89 90 92 93 94 95 96 97 100 101 104 105 109 110 115 117 119 120 123 124 126 127 129 132 133 138 140 144 145 146 148 149 150 154 155 156 159 160 165 166 178 182 215 218 228 230 233 234 235 236 238 250 253 254 255 256 257 264 278 279 280 281 282 283 288 289 295 296 298 299 300 301 302 303 306 307 311 312 317 318 319 321 322 323 324 325 328 329 335 337 339 340 341 342 343 346 347
50: 11 12 16 17 22 56 57 58 59 82 83 84 88 89 90 92 93 94 95 96 97 100 101 104 105 109 110 115 117 120 123 124 132 138 140 144 145 146 148 149 150 154 155 156 159 160 165 166 182 215 218 228 230 232 233 234 235 236 238 250 252 253 254 255 256 257 263 264 265 269 274 278 279 280 281 282 283 288 289 295 296 297 298 299 300 301 302 303 306 307 311 312 317 319 321 322 323 324 325 328 329 335 337 339 340 341 342 343 346 347
55: 11 12 14 15 16 17 19 20 21 22 56 57 58 59 82 83 84 88 89 90 92 93 94 95 96 97 98 99 100 101 104 105 109 110 115 117 119 120 123 124 125 126 127 128 129 132 133 138 140 144 145 146 148 149 150 153 154 155 156 159 160 165 166 178 182 183 215 218 228 230 232 233 234 235 236 238 241 250 252 253 254 255 256 257 263 264 265 269 274 278 279 280 281 282 283 288 289 290 291 295 296 297 298 299 300 301 302 303 306 307 311 312 317 318 319 321 322 323 324 325 328 329 335 336 337 339 340 341 342 343 346 347
60: 11 12 14 15 16 17 19 20 21 22 54 55 56 57 58 59 82 83 84 88 89 90 92 93 94 95 96 97 98 99 100 101 104 105 109 110 115 117 119 120 123 124 125 126 127 128 129 132 133 138 140 144 145 146 148 149 150 153 154 155 156 159 160 165 166 178 182 183 215 218 228 230 232 233 234 235 236 238 241 245 247 248 250 252 253 254 255 256 257 263 264 265 267 269 270 271 274 276 278 279 280 281 282 283 288 289 290 291 295 296 297 298 299 300 301 302 303 306 307 311 312 317 318 319 321 322 323 324 325 328 329 335 336 337 339 340 341 342 343 346 347
65: 11 12 14 15 16 17 19 20 21 22 56 57 58 59 82 83 84 88 89 90 92 93 94 95 96 97 98 99 100 101 104 105 109 110 115 117 119 120 123 124 125 126 127 128 129 132 133 138 140 144 145 146 148 149 150 152 153 154 155 156 159 160 165 166 178 182 183 215 218 228 230 232 233 234 235 236 238 239 241 243 244 245 246 247 248 250 252 253 254 255 256 257 262 263 264 265 267 269 270 271 274 276 278 279 280 281 282 283 288 289 290 291 293 295 296 297 298 299 300 301 302 303 306 307 311 312 317 318 319 321 322 323 324 325 328 329 335 336 337 339 340 341 342 343 346 347
70: 11 12 14 15 16 17 19 20 21 22 54 55 56 57 58 59 82 83 84 88 89 90 92 93 94 95 96 97 98 99 100 101 104 105 109 110 115 117 119 120 123 124 125 126 127 128 129 132 133 138 140 144 145 146 148 149 150 152 153 154 155 156 159 160 165 166 178 182 183 215 218 228 230 232 233 234 235 236 238 239 241 243 244 245 246 247 248 250 252 253 254 255 256 257 262 263 264 265 267 269 270 271 274 276 278 279 280 281 282 283 288 289 290 291 293 295 296 297 298 299 300 301 302 303 306 307 311 312 317 318 319 321 322 323 324 325 328 329 335 336 337 339 340 341 342 343 346 347
75: 11 12 14 15 16 17 19 20 21 22 54 55 56 57 58 59 82 83 84 88 89 90 92 93 94 95 96 97 98 99 100 101 104 105 109 110 115 117 119 120 123 124 125 126 127 128 129 132 133 138 140 144 145 146 148 149 150 152 153 154 155 156 159 160 165 166 178 182 183 215 218 228 230 232 233 234 235 236 238 239 241 243 244 245 246 247 248 250 252 253 254 255 256 257 262 263 264 265 267 269 270 271 274 276 278 279 280 281 282 283 288 289 290 291 293 295 296 297 298 299 300 301 302 303 306 307 311 312 317 318 319 321 322 323 324 325 328 329 335 336 337 339 340 341 342 343 346 347
80: 11 12 14 15 16 17 19 20 21 22 54 55 56 57 58 59 82 83 84 88 89 90 92 93 94 95 96 97 98 99 100 101 104 105 109 110 115 117 119 120 123 124 125 126 127 128 129 132 133 138 140 144 145 146 148 149 150 152 153 154 155 156 159 160 165 166 178 182 183 215 218 228 230 232 233 234 235 236 238 239 241 243 244 245 246 247 248 250 252 253 254 255 256 257 262 263 264 265 267 269 270 271 274 276 278 279 280 281 282 283 288 289 290 291 293 295 296 297 298 299 300 301 302 303 306 307 311 312 317 318 319 321 322 323 324 325 328 329 335 336 337 339 340 341 342 343 346 347
85: 11 12 14 15 16 17 19 20 21 22 54 55 56 57 58 59 82 83 84 88 89 90 92 93 94 95 96 97 98 99 100 101 104 105 109 110 115 117 119 120 123 124 125 126 127 128 129 132 133 138 140 144 145 146 148 149 150 152 153 154 155 156 159 160 165 166 178 182 183 215 218 228 230 232 233 234 235 236 238 239 241 243 244 245 246 247 248 250 252 253 254 255 256 257 262 263 264 265 267 269 270 271 274 276 278 279 280 281 282 283 288 289 290 291 293 295 296 297 298 299 300 301 302 303 306 307 311 312 317 318 319 321 322 323 324 325 328 329 335 336 337 339 340 341 342 343 346 347
90: 11 12 14 15 16 17 19 20 21 22 54 55 56 57 58 59 82 83 84 88 89 90 92 93 94 95 96 97 98 99 100 101 104 105 109 110 115 117 119 120 123 124 125 126 127 128 129 132 133 138 140 144 145 146 148 149 150 152 153 154 155 156 159 160 165 166 178 182 183 215 218 228 230 232 233 234 235 236 238 239 241 243 244 245 246 247 248 250 252 253 254 255 256 257 262 263 264 265 267 269 270 271 274 276 278 279 280 281 282 283 288 289 290 291 293 295 296 297 298 299 300 301 302 303 306 307 311 312 317 318 319 321 322 323 324 325 328 329 335 336 337 339 340 341 342 343 346 347
95: 11 12 14 15 16 17 19 20 21 22 54 55 56 57 58 59 82 83 84 88 89 90 92 93 94 95 96 97 98 99 100 101 104 105 109 110 115 117 119 120 123 124 125 126 127 128 129 132 133 138 140 144 145 146 148 149 150 152 153 154 155 156 159 160 165 166 178 182 183 215 218 228 230 232 233 234 235 236 238 239 241 243 244 245 246 247 248 250 252 253 254 255 256 257 262 263 264 265 267 269 270 271 274 276 278 279 280 281 282 283 288 289 290 291 293 295 296 297 298 299 300 301 302 303 306 307 311 312 317 318 319 321 322 323 324 325 328 329 335 336 337 339 340 341 342 343 346 347
100: 11 12 14 15 16 17 19 20 21 22 54 55 56 57 58 59 82 83 84 88 89 90 92 93 94 95 96 97 98 99 100 101 104 105 109 110 115 117 119 120 123 124 125 126 127 128 129 132 133 138 140 144 145 146 148 149 150 152 153 154 155 156 159 160 165 166 178 182 183 215 218 228 230 232 233 234 235 236 238 239 241 243 244 245 246 247 248 250 252 253 254 255 256 257 262 263 264 265 267 269 270 271 274 276 278 279 280 281 282 283 288 289 290 291 293 295 296 297 298 299 300 301 302 303 306 307 311 312 317 318 319 321 322 323 324 325 328 329 335 336 337 339 340 341 342 343 346 347
