5: 11 12 15 16 17 19 21 22 54 55 56 57 59 82 83 84 88 89 90 109 110 115 117 138 140 144 146 165 166 178 182 215 218 311 312 317
10: 11 12 15 16 17 19 21 22 54 55 56 57 59 82 83 84 88 89 90 92 93 109 110 115 117 138 140 144 146 156 165 166 178 182 215 218 228 230 279 311 312 317 319 335 337
15: 11 12 15 16 17 19 21 22 54 55 56 57 59 82 83 84 88 89 90 92 93 104 105 109 110 115 117 132 133 138 140 144 146 156 159 160 165 166 178 182 215 218 228 230 306 311 312 317 319 325 328 329 335 337 339 343
20: 11 12 15 16 17 19 21 22 54 55 56 57 59 82 83 84 88 89 90 92 93 104 105 109 110 115 117 132 133 138 140 144 146 148 156 159 160 165 166 178 182 215 218 228 230 232 252 253 278 279 300 306 307 311 312 317 319 321 325 328 329 335 337 339 343 346 347
25: 11 12 15 16 17 19 21 22 54 55 56 57 59 82 83 84 88 89 90 92 93 94 97 100 104 105 109 110 115 117 126 132 133 138 140 144 146 148 156 159 160 165 166 178 182 215 218 228 230 232 252 253 257 276 278 279 283 299 300 306 307 311 312 317 319 321 325 328 329 335 337 339 343 346 347
30: 83 84 88 89 90 92 93 94 97 100 101 104 105 109 115 117 132 133 144 146 148 156 159 160 165 166 215 228 230 232 248 252 253 257 274 276 278 279 283 288 297 298 299 300 306 307 311 312 317 319 321 325 328 329 335 337 339 343 346 347
35: 11 12 15 16 17 19 21 22 54 55 56 57 59 82 83 84 88 89 90 92 93 94 95 97 100 101 104 105 109 110 115 117 125 126 132 133 138 140 144 146 148 156 159 160 165 166 178 182 215 218 228 230 232 242 243 248 250 252 253 257 262 273 274 276 278 279 283 288 297 298 299 300 306 307 311 312 317 319 321 325 328 329 335 337 339 343 346 347
40: 11 12 15 16 17 19 21 22 54 55 56 57 59 82 83 84 88 89 90 92 93 94 95 96 97 100 101 104 105 109 110 115 117 126 132 133 138 140 144 146 148 156 159 160 165 166 178 182 215 218 228 230 232 236 239 242 243 248 250 252 253 257 262 267 268 269 273 274 276 278 279 283 288 297 298 299 300 306 307 311 312 317 319 321 325 328 329 335 337 339 343 346 347
45: 11 12 15 16 17 19 21 22 54 55 56 57 59 82 83 84 88 89 90 92 93 94 95 96 97 98 99 100 101 104 105 109 110 115 117 125 126 132 133 138 140 144 146 148 156 159 160 165 166 178 182 215 218 228 230 232 236 239 241 242 243 248 250 252 253 257 262 265 267 268 269 273 274 276 278 279 283 288 297 298 299 300 306 307 311 312 317 319 321 325 328 329 335 337 339 343 346 347
50: 11 12 15 16 17 19 21 22 54 55 56 57 59 82 83 84 88 89 90 92 93 94 95 96 97 98 99 100 101 104 105 109 110 115 117 125 126 132 133 138 140 144 146 148 156 159 160 165 166 178 182 215 218 228 230 232 236 239 241 242 243 248 250 252 253 257 262 265 267 268 269 273 274 276 278 279 283 288 297 298 299 300 306 307 311 312 317 319 321 325 328 329 335 337 339 343 346 347
55: 11 12 15 16 17 19 21 22 54 55 56 57 59 82 83 84 88 89 90 92 93 94 95 96 97 98 99 100 101 104 105 109 110 115 117 125 126 132 133 138 140 144 146 148 156 159 160 165 166 178 182 215 218 228 230 232 236 239 241 242 243 248 250 252 253 257 262 265 267 268 269 273 274 276 278 279 283 288 297 298 299 300 306 307 311 312 317 319 321 325 328 329 335 337 339 343 346 347
60: 11 12 15 16 17 19 21 22 54 55 56 57 59 82 83 84 88 89 90 92 93 94 95 96 97 98 99 100 101 104 105 109 110 115 117 125 126 132 133 138 140 144 146 148 156 159 160 165 166 178 182 215 218 228 230 232 236 239 241 242 243 248 250 252 253 257 262 265 267 268 269 273 274 276 278 279 283 288 297 298 299 300 306 307 311 312 317 319 321 325 328 329 335 337 339 343 346 347
65: 11 12 15 16 17 19 21 22 54 55 56 57 59 82 83 84 88 89 90 92 93 94 95 96 97 98 99 100 101 104 105 109 110 115 117 125 126 132 133 138 140 144 146 148 156 159 160 165 166 178 182 215 218 228 230 232 236 239 241 242 243 248 250 252 253 257 262 265 267 268 269 273 274 276 278 279 283 288 297 298 299 300 306 307 311 312 317 319 321 325 328 329 335 337 339 343 346 347
70: 11 12 15 16 17 19 21 22 54 55 56 57 59 82 83 84 88 89 90 92 93 94 95 96 97 98 99 100 101 104 105 109 110 115 117 125 126 132 133 138 140 144 146 148 156 159 160 165 166 178 182 215 218 228 230 232 236 239 241 242 243 248 250 252 253 257 262 265 267 268 269 273 274 276 278 279 283 288 297 298 299 300 306 307 311 312 317 319 321 325 328 329 335 337 339 343 346 347
75: 11 12 15 16 17 19 21 22 54 55 56 57 59 82 83 84 88 89 90 92 93 94 95 96 97 98 99 100 101 104 105 109 110 115 117 125 126 132 133 138 140 144 146 148 156 159 160 165 166 178 182 215 218 228 230 232 236 239 241 242 243 248 250 252 253 257 262 265 267 268 269 273 274 276 278 279 283 288 297 298 299 300 306 307 311 312 317 319 321 325 328 329 335 337 339 343 346 347
80: 11 12 15 16 17 19 21 22 54 55 56 57 59 82 83 84 88 89 90 92 93 94 95 96 97 98 99 100 101 104 105 109 110 115 117 125 126 132 133 138 140 144 146 148 156 159 160 165 166 178 182 215 218 228 230 232 236 239 241 242 243 248 250 252 253 257 262 265 267 268 269 273 274 276 278 279 283 288 297 298 299 300 306 307 311 312 317 319 321 325 328 329 335 337 339 343 346 347
85: 11 12 15 16 17 19 21 22 54 55 56 57 59 82 83 84 88 89 90 92 93 94 95 96 97 98 99 100 101 104 105 109 110 115 117 125 126 132 133 138 140 144 146 148 156 159 160 165 166 178 182 215 218 228 230 232 236 239 241 242 243 248 250 252 253 257 262 265 267 268 269 273 274 276 278 279 283 288 297 298 299 300 306 307 311 312 317 319 321 325 328 329 335 337 339 343 346 347
90: 11 12 15 16 17 19 21 22 54 55 56 57 59 82 83 84 88 89 90 92 93 94 95 96 97 98 99 100 101 104 105 109 110 115 117 125 126 132 133 138 140 144 146 148 156 159 160 165 166 178 182 215 218 228 230 232 236 239 241 242 243 248 250 252 253 257 262 265 267 268 269 273 274 276 278 279 283 288 297 298 299 300 306 307 311 312 317 319 321 325 328 329 335 337 339 343 346 347
95: 11 12 15 16 17 19 21 22 54 55 56 57 59 82 83 84 88 89 90 92 93 94 95 96 97 98 99 100 101 104 105 109 110 115 117 125 126 132 133 138 140 144 146 148 156 159 160 165 166 178 182 215 218 228 230 232 236 239 241 242 243 248 250 252 253 257 262 265 267 268 269 273 274 276 278 279 283 288 297 298 299 300 306 307 311 312 317 319 321 325 328 329 335 337 339 343 346 347
100: 11 12 15 16 17 19 21 22 54 55 56 57 59 82 83 84 88 89 90 92 93 94 95 96 97 98 99 100 101 104 105 109 110 115 117 125 126 132 133 138 140 144 146 148 156 159 160 165 166 178 182 215 218 228 230 232 236 239 241 242 243 248 250 252 253 257 262 265 267 268 269 273 274 276 278 279 283 288 297 298 299 300 306 307 311 312 317 319 321 325 328 329 335 337 339 343 346 347
